163
547
100
465
1635
795
420
2030
975
383
91
144
1447
933
796
96
209
1929
1300
1394
1709
949
1925
1598
776
500
376
1082
1319
411
1257
86
4450
362
489
1354
1981
2712
92
123
3706
5623
2333
509
1480
689
2124
761
811
2163
107
115
1883
145
63
778
2319
5534
648
135
2494
41
3405
865
104
1459
6673
1298
3721
334
1825
1971
1163
3262
3283
1911
807
1706
1466
3962
775
1559
453
4849
5716
1836
716
343
3972
1809
957
1041
1599
2000
1646
1196
2066
2473
786
1830
5435
1302
707
2497
2761
828
5507
772
5881
3921
2083
410
1482
3278
1066
1330
2469
3352
6316
4428
1078
998
2478
4848
81
4793
1286
659
1555
2206
946
845
1629
374
868
1237
518
817
3553
1934
1335
4873
3937
1418
1622
1293
1040
1693
2525
994
937
1784
2427
3360
6181
263
3870
4844
1318
51
936
3576
2168
869
137
399
6639
5054
3286
1172
110
5040
2232
5856
4473
3896
773
455
6041
1229
2015
794
4866
6652
723
5044
769
875
3282
6299
584
2471
2632
155
266
1145
673
3841
3720
959
6731
5452
117
2330
4017
5053
870
487
8107
387
3608
1858
3845
1373
4809
4855
370
2058
1651
1260
1046
1277
7117
7137
33
1227
4412
2464
2460
2463
1424
2642
82
6929
269
5536
2683
801
2522
7128
4739
915
2677
2413
1626
3880
6326
1589
1885
815
381
2644
3614
902
767
4362
636
1476
2359
1957
6663
1703
9210
4925
805
6011
6116
3970
908
5878
3892
621
4905
2488
5997
5178
2492
3898
88
2351
30
5539
1908
1785
866
1169
686
5122
2266
1594
4368
5071
147
7268
2194
3965
8455
625
6879
1036
1541
394
1750
1877
7377
2143
3545
3236
958
955
382
3941
942
3797
2743
2591
2098
6079
2001
3112
1460
3531
3369
4045
604
6493
3928
4422
5854
1241
1793
1950
1285
258
4927
1160
2783
3217
380
1179
1340
3199
5646
1964
2524
1341
7036
3910
510
46
4840
951
1812
6950
3422
1773
3929
5694
6813
5603
4882
934
2730
997
953
3038
157
132
1600
1469
3708
414
2144
6409
2481
726
5873
280
2235
7975
1284
57
2843
6727
2975
1247
218
1504
7967
1763
200
2260
3293
6067
614
52
7766
785
7395
831
1093
3747
826
3073
3650
10210
6060
1079
272
3423
3153
5661
2256
734
904
403
6481
990
5545
2324
1312
4975
833
5917
12674
3958
5866
6018
2314
2069
1495
6037
3869
3310
378
406
506
755
3666
5043
6682
1702
3636
5809
2833
3237
1230
3952
5097
6312
11388
819
202
849
2077
3774
1735
1660
1527
569
3579
1465
160
1320
2188
3373
1399
7236
5105
3668
2432
1339
1109
5048
1235
651
3919
793
1576
7705
1375
5387
3940
7706
737
3907
5715
430
5223
3916
130
813
664
3727
4130
4549
3912
7993
4353
2154
2182
377
823
2185
7509
4878
1408
7264
4470
99
183
3094
1879
2135
451
3083
3974
5618
205
7420
4488
1987
4311
5466
5360
910
6555
2134
4503
832
508
6122
6178
4979
3337
1657
213
7108
847
5436
7356
3881
731
141
3707
3895
502
4885
783
820
525
4467
1234
944
3953
2446
7294
6958
2577
4031
2270
391
4811
5761
1910
3628
295
1491
8057
1215
2747
6809
3715
2530
1486
7438
1872
2970
4974
608
1074
3918
3197
4856
412
4967
214
3865
6288
2989
1734
2268
1993
7424
2804
1641
943
1238
640
1088
4482
2753
8266
5042
1755
617
8784
171
722
4601
4329
8751
1932
6460
5753
4109
94
6816
246
13678
507
398
3466
5760
176
300
1990
1999
2224
2782
6601
2197
1439
405
6518
3474
6721
7239
7148
6649
7153
250
612
1077
1569
5099
5199
2241
5886
2532
3906
1863
1597
806
912
771
3138
4447
6043
692
5464
5546
4502
3750
3648
6315
3408
2071
1612
1207
1204
5530
2146
3547
10328
2047
821
10738
765
4857
2200
159
693
3711
809
1357
1162
7254
8369
2093
1994
10463
571
6686
1696
4014
4323
13084
2159
5187
630
8041
5842
2476
8763
8424
5634
6133
2500
3886
2425
1282
8716
2872
512
397
3375
1348
6487
3655
2504
9691
1053
4725
1326
1287
188
911
5519
2017
6290
2435
3875
6276
1571
5041
6661
2452
7432
6310
4548
2393
5858
3635
2516
2203
1187
4546
28
8318
6427
72
1642
2254
3399
5489
390
5259
841
7171
2468
1893
616
6289
98
7662
746
2031
883
1142
1161
5472
2067
7820
2851
5181
5622
777
3734
4544
738
1690
545
5657
2126
3280
330
1213
4799
10512
1108
7959
2300
60
332
2180
322
2718
1268
3874
7759
1448
2345
4465
2234
4867
3449
853
756
5046
9344
3773
3883
2662
981
3922
5055
2756
1820
5935
798
1002
3521
3480
7943
2367
3400
3969
814
2647
6055
7049
10323
8696
6891
5745
491
5959
1146
6086
5167
1658
2003
7768
1033
2981
5176
2606
1020
2905
721
462
9867
11984
4032
1821
995
4240
757
872
5632
4440
2898
827
3871
10803
519
4448
2880
1801
1158
9593
7456
5629
3074
5096
1205
812
1384
3454
1708
1764
5859
5668
292
193
1032
6151
5800
172
5094
5072
11891
5169
6056
533
6293
762
6012
5224
2187
6218
2045
1625
4471
6706
7997
260
6405
9364
1456
422
5406
8858
7773
1715
6014
939
1639
8668
672
3383
194
1814
3187
5356
1835
808
5742
2403
4985
7121
2807
2271
9111
3066
3416
747
4781
7061
12893
274
3696
7039
5089
12383
5050
3800
691
4105
4870
7761
2984
3818
143
1035
152
1823
3777
2918
7381
3367
9821
1098
3946
408
5085
3413
3806
8414
2649
8595
9197
7597
2579
361
299
4995
6984
1125
5476
1740
1509
2614
4322
1347
3072
3735
2299
4493
4595
4207
161
3767
835
1009
6191
5743
2901
2456
3938
2139
3555
751
1826
342
4398
8423
2272
1669
1577
2697
6114
5628
3885
3535
846
10205
4863
3492
1010
229
3840
3461
5937
3905
409
5853
6458
1051
1107
3903
985
6684
2332
3989
8563
1901
6830
5765
481
6693
2151
8697
3960
8767
6026
386
677
1442
1919
3398
10939
5605
1239
5709
5923
5388
5353
803
3920
1261
935
2148
3305
2046
1426
5057
6550
3386
1687
1266
1190
5885
3318
5059
2486
4524
5261
2397
6329
1470
335
121
5479
10700
4980
7106
5693
8156
836
774
8579
11111
2980
1573
3751
5663
5502
1087
1018
3557
980
1225
1815
373
1068
4569
10664
5733
4923
1450
6925
4973
3765
1267
1167
6899
2933
3887
3467
3741
810
3731
162
7047
3242
3020
3503
2267
5263
5610
2487
3613
1019
1659
7772
3801
8676
11508
1942
8420
1692
2257
2792
1141
4609
191
7425
2624
11513
594
2858
95
3518
1679
3527
8535
1873
1412
6892
6666
10591
3507
3733
27
4379
874
6675
1106
6956
5963
1056
1337
308
1853
6632
9022
4552
2198
6094
4625
1156
3740
129
1236
3166
9027
2528
3185
703
3926
3462
6888
4858
7726
8868
5594
514
6753
1753
4604
1455
8097
2423
10732
4899
14654
5855
3379
3317
5828
941
6823
1264
1822
11208
1479
1276
2784
3744
3203
719
336
3601
4474
4568
1478
917
892
1370
5531
3878
5833
452
1904
7092
635
11265
1561
5254
6812
1366
8811
1390
5863
696
720
732
6893
5776
676
3300
787
5700
11893
4673
1712
1818
1350
8155
3517
11013
4376
2245
2281
1653
2096
5186
3498
8584
3407
3915
12711
8933
3723
9696
5813
1095
3792
5987
5778
2019
6335
8867
7363
6362
3578
1805
5126
3575
3421
125
3478
1076
22
3475
1096
3086
164
1188
1289
4504
7514
2515
7411
1624
931
3060
8748
3090
196
3934
5538
4529
13123
7660
7534
7830
5687
10940
7859
1219
3479
14549
8375
2008
729
2913
7799
5717
1936
5124
3927
3359
2370
3780
2170
12253
14540
1014
5070
6607
660
7234
3284
8436
3486
4978
2617
1884
1799
6066
657
5135
6113
4765
3226
13045
10520
4886
522
5473
3749
6045
2208
3108
16576
11121
5783
6571
2467
8190
8775
11290
4393
3477
5883
1263
7901
1047
4869
1317
8215
3738
4743
8577
9452
3208
1198
9373
7532
3838
1323
1761
6040
4352
784
6085
7299
8948
4871
8681
5814
8951
2422
8764
1909
17647
4884
7583
3652
3612
3783
6124
638
8218
339
9294
6304
607
1588
2794
1811
1484
1006
13794
5252
1122
956
1795
1211
6052
10044
5544
3739
13627
8109
6443
578
856
6913
9670
527
4527
288
2787
6522
1043
385
262
3088
3030
1092
733
4657
499
2795
844
5253
5506
3270
1492
1075
16012
11004
2186
4594
760
1870
5865
4387
8182
7746
2762
6767
3891
2800
2280
3294
764
4607
1042
14343
3873
10266
3382
1452
4291
7040
766
1621
9433
7313
2597
7208
14709
7674
5718
11826
2338
2088
1462
1249
9952
71
13250
4539
4620
753
12485
7539
15039
1498
682
4348
8655
5023
782
592
3889
1796
2699
2161
3519
556
6059
5086
1414
7053
1760
6704
3764
1423
13293
5869
529
5412
2543
345
12863
5098
4487
8859
646
427
1352
4577
6282
5616
16083
9193
6711
245
6317
3499
5061
8345
1405
7669
7139
158
3728
5104
7821
4350
10049
12239
6845
11082
4996
6669
4792
5654
13036
1100
3089
6653
3588
2303
4984
6200
4364
11579
7623
6408
1905
13785
3709
3717
3050
1081
3381
2888
2158
741
11628
2184
265
3647
3157
2247
5573
15138
10757
1067
10944
5433
3111
6930
12477
8050
5471
2484
4582
1832
10731
2189
5474
5058
6229
10139
6008
3901
12501
8738
4814
2616
15537
4862
13117
610
3516
6744
15260
5969
7025
1765
432
3256
6054
5950
5481
5834
3468
4003
5505
2790
6198
5469
2341
7752
1892
8485
2258
3902
4735
1520
4369
1593
2147
2362
1652
1997
3110
2867
3532
4510
1969
4491
993
1026
5767
3482
649
16666
6424
8412
6719
6446
1113
1700
2183
3049
6795
1392
4711
3526
3509
7810
1232
4048
7954
1868
3508
8833
3525
14274
9574
4698
10636
6838
2908
9095
12658
2103
3533
3298
1454
1813
5003
2729
4712
3534
3789
11688
1648
3730
2475
6434
105
6021
1806
6871
10911
10515
10968
5780
6630
906
10503
6495
4476
454
8418
7464
9203
3404
916
13088
3956
5066
824
526
1637
418
521
2411
5731
2157
5361
3124
9585
8142
9500
4466
4598
8533
3866
6117
6231
9100
7304
9944
6578
1595
11041
17201
8322
505
5973
2541
2004
1395
1147
2482
11610
3149
1194
5238
4572
11
548
12227
7245
4668
611
12345
6787
3572
2178
14109
151
2026
2934
5831
7113
5852
1579
9254
2149
3978
8220
2952
1474
3493
6657
9828
996
6270
4374
1331
781
8165
6644
1425
1592
4016
744
11859
4377
477
10527
9230
2610
6967
6947
12127
5227
165
1402
2720
7021
8070
3201
2340
6188
7369
11760
12855
3156
8090
9369
1816
5723
3859
1015
2020
7538
3077
1852
7260
5405
4928
8762
9358
3025
14097
6754
6295
1800
1111
5675
7118
9775
8642
12373
14846
12157
2796
6791
185
9282
3321
5954
5457
8488
6668
3609
3879
7460
404
15708
5052
4802
1433
2491
5836
2167
2874
5766
3411
1564
5686
9493
656
14856
5060
3250
3994
2323
627
2240
1050
5631
1003
8184
5757
2900
4761
17426
12193
2102
7126
8680
1574
7129
8765
13183
2043
6459
5990
14180
2073
396
6627
1069
1028
8194
14385
711
4046
7860
1983
1274
3995
3811
3726
9444
5848
6820
839
3515
8589
3670
6872
11744
5082
6563
13401
3051
3378
4023
3459
1943
3003
6437
3106
3268
7764
6509
6465
3505
6294
5062
3147
7474
7977
1483
1616
77
2141
5658
5018
3785
3748
1481
13308
4808
1681
684
7191
5465
4976
3754
790
241
3380
13054
5615
6729
8439
2988
6402
5804
754
7091
11545
11710
1992
5207
1155
2966
2978
211
6886
791
8774
7250
10296
3513
5600
7057
5537
1485
3389
4499
5988
8461
102
2216
3119
1468
6104
1499
987
3435
15123
15797
18892
2192
6717
8934
5909
5793
629
7573
560
5790
4468
6118
7736
3821
695
8144
12428
4490
1070
15284
4320
20219
3737
3909
8520
5280
7396
16468
752
4554
9327
572
9365
4314
12826
12251
7540
513
6877
6467
5515
12028
838
1584
2190
15356
11084
447
3522
10242
1084
5386
4986
739
6345
1807
6903
6438
3742
6895
10054
5524
1117
124
7930
6902
7461
5860
14
5947
3799
1487
8361
360
1532
18305
3574
5339
15395
7151
14171
2886
3582
1374
5021
8806
21775
1699
2344
7292
7687
2572
14342
1548
13736
2110
4536
6432
223
6588
2012
8651
13891
1437
1828
7082
7483
11959
5444
4748
5572
3592
7793
1029
37
7051
3716
4336
122
20842
7253
5363
6504
9338
5967
6392
3219
9136
1118
5047
9895
2817
6540
8277
3494
8600
2002
3211
4670
2947
20149
1398
982
2825
11229
3163
12154
743
12653
5467
8214
2786
1382
7652
1203
748
15945
10405
4571
5491
2755
1228
12263
4938
9916
9386
4026
3577
400
15480
1838
3444
11660
6283
4012
7149
6650
7261
6862
4593
6057
14079
1275
3872
6658
5625
3795
6963
701
7763
816
7971
11738
8225
8
843
1782
12483
2943
8443
3385
11561
10220
5868
562
2922
8712
11575
2769
5148
3476
15472
8517
2218
2145
3573
3496
5425
9811
3342
1786
9276
7002
3162
6419
3693
6076
6735
14912
3603
5797
1617
7914
8692
5792
13491
1475
930
1871
1867
830
2658
5948
11542
2979
424
8617
20607
4922
770
3637
7777
10653
23691
14332
8445
7235
1165
8373
1090
13161
1327
1410
14714
1902
5209
283
10802
6049
5183
1055
8790
8256
1517
15987
11053
11544
4864
4800
12898
555
6398
3632
3998
2850
5762
1954
13233
10177
8147
7405
1833
2911
7042
3329
6824
17173
5601
9990
5200
2869
8813
8507
12262
7007
10251
4968
1458
2213
3024
58
5681
5588
3697
446
8325
3511
15676
977
14111
3364
3594
1531
479
14054
7690
9499
3151
2608
9285
16855
11715
576
14258
1980
7087
10169
2177
8576
341
2068
26732
631
7536
11405
103
9088
3015
2728
1457
8415
186
13249
6782
3485
9498
4019
5840
18860
3787
2954
8602
11458
3366
93
1894
7295
4940
1445
5108
20574
10438
6020
10206
2779
4011
5649
8127
511
1336
6498
16960
3458
6072
1259
18148
8447
8293
5794
15127
9047
9377
12914
6766
6461
2217
10980
10581
13986
6846
13492
7476
2887
21396
4021
1467
850
2693
10924
10725
6464
10437
6019
364
15531
19128
6346
1012
1749
3356
11433
7398
1058
11380
6371
7630
18964
5975
5305
14105
5256
192
5955
6964
9704
26682
1063
7194
6141
9949
18409
5939
9600
9658
663
5528
11324
5699
3456
2930
9530
14544
5056
4596
2090
14301
2537
3796
13
8785
6036
6358
9295
637
3406
7307
1855
3961
3218
6162
11461
5251
8986
10705
12396
800
5197
13773
4721
4267
19544
5592
4709
3062
10955
3793
18784
2335
3419
2401
20751
7418
13691
10882
8466
3445
3205
401
416
8816
3700
2912
5514
10522
4819
1603
14140
1724
5893
13215
3152
3802
70
1291
4605
11002
3677
10373
3908
2399
3524
5830
17043
3925
5219
9544
7778
12772
5957
3963
7074
8853
4526
316
3826
1984
8572
5494
8729
1021
9840
11646
5168
15336
30177
5689
20988
6102
4861
10665
128
15450
11162
523
6651
581
8128
20190
16300
2007
1199
7956
13951
4752
8953
558
9380
11705
5529
7030
13639
7
10826
8693
4566
3790
860
7881
7802
4676
7892
2962
4399
9277
5509
2640
13206
1443
7136
7637
6449
1754
9092
11070
5922
1861
1000
1522
9096
2661
2893
3063
2759
2022
4680
1001
3314
5411
6417
6659
6452
8945
7819
10509
8232
20089
1279
4671
6810
11839
1401
4492
2136
4028
4139
7141
12558
7516
6712
12348
4613
5306
2633
8186
21715
1570
5555
2595
11077
6172
5966
8487
4942
10278
1590
2531
3506
14670
1329
10956
5825
120
6774
885
7262
6965
6629
9825
7111
5007
1349
4836
1547
42
12187
3743
11635
11961
14703
1546
6960
6106
20843
19123
11383
9882
8253
7310
8802
11742
10612
10627
3412
8497
19131
5230
10676
1193
20844
1420
4965
2407
2820
14144
4900
3465
4459
9396
16474
2225
4498
7273
6463
6473
4778
3593
13885
13083
6853
1896
6547
2607
21407
22717
670
1996
294
9516
14373
4534
14190
6584
3620
17164
5075
7033
10967
3985
8861
8230
12071
6006
3771
1461
1322
4436
1931
6462
16486
5992
9591
6445
3481
1633
1128
21846
714
1675
10712
8511
3699
12360
8900
17853
3324
8281
4480
10963
6016
13425
3943
7056
8096
14174
11620
7661
1518
2166
2229
1110
3254
6395
6865
12557
8450
3210
1119
18188
4494
12651
13403
20887
5358
8510
9888
11401
6554
9198
5511
18873
2212
6175
12151
2520
8619
683
6305
13144
11318
12872
9209
9366
6327
671
3810
25261
2480
10989
12092
11621
139
7561
3894
6532
13487
11045
1711
1065
6490
12560
2191
7433
13073
2553
11690
15630
2009
8929
101
169
966
3931
9165
8817
4734
4145
3761
14952
6009
8714
290
7730
2832
19806
8547
6209
2255
1698
11801
2842
8772
15985
9597
321
9827
15776
17696
6274
9727
6557
5619
9765
2406
8430
11797
1536
6418
20254
3930
4313
19242
14049
5068
1103
9680
12798
8234
3502
9206
8434
7990
19910
4621
5812
8034
2119
5604
15345
1688
16856
375
3424
8213
1831
8920
4
7287
19118
5796
1519
15996
1496
1737
11520
10704
3145
2209
493
4742
9603
182
12673
7501
24550
1921
1557
3401
13512
11139
11392
7983
190
4328
8910
8578
16969
4695
10146
10263
4400
9109
5440
13333
9644
6868
6734
8782
7158
9862
6263
7301
6908
7796
6590
8624
6797
19122
3395
21014
8357
685
6313
14507
11909
14477
15692
18141
7756
6709
7696
3775
7200
11687
13692
742
3100
8183
26601
6943
6910
804
6406
10299
15248
4747
19395
1004
17855
3006
3729
3769
8950
2400
2279
2846
12499
907
4561
12081
2780
5045
9308
3091
31821
8235
463
11657
4678
7729
4835
8539
10386
4692
14760
19557
13309
5359
33035
12353
7512
1301
2278
5245
4887
3788
3029
14272
13841
10131
11940
16436
9793
11469
9657
2496
6101
2331
1314
7789
8732
11547
7204
4522
6441
13162
5862
1060
6444
8180
16936
9003
24245
6099
1114
3980
19982
6138
13074
7584
4520
74
22204
8690
5584
5293
7591
7231
24563
13023
6870
11594
12447
18252
7402
7939
7229
15285
11996
5906
20404
3877
6926
10359
5155
12962
11632
15768
12351
11717
12697
15154
2570
12270
6575
9639
22383
6559
6646
23715
11736
863
17653
6125
8814
1034
3363
600
389
17830
9180
6878
25628
802
9427
14480
1827
568
7459
10347
8664
8653
14792
2290
4456
7392
13391
1
16861
12272
24779
267
10893
5413
1037
9289
8788
2680
14732
4309
1039
6697
20276
11384
6685
4007
311
14560
5540
8094
8516
2511
7972
1666
4574
3007
5976
14209
8187
12691
10619
11937
8840
10672
3784
10595
3689
17197
16921
2645
10468
8610
7606
12814
7454
2936
8406
2006
11340
3483
438
3753
18456
4394
8063
20549
1691
25329
6105
3221
1774
4144
10261
5919
6641
7694
17169
647
2803
15133
1013
28761
11582
5109
6110
5826
4388
10477
6680
8270
4128
8843
5484
4821
1308
6015
7413
11258
1321
626
13344
12155
208
18015
8744
8957
14328
478
12015
15057
14264
9032
7428
23316
19121
14748
5956
15482
7035
6957
14058
22205
3867
5703
3964
8745
4703
6794
17503
8564
2199
12276
9038
5847
5808
18767
2904
5876
2309
18265
13048
10692
9097
2914
19611
3643
19402
1080
40
1665
13560
14161
8779
3529
9922
6856
6333
4354
15610
4570
10214
10640
16119
7500
13426
1722
18082
15509
12481
1386
8440
50
6024
10996
10523
11112
7774
21443
7214
10623
3361
14113
12613
9388
17605
2959
8965
7935
140
14554
5751
9998
8518
735
7252
3580
9488
16382
3831
8828
10582
7666
5064
8444
12553
3027
12978
5752
10475
6488
1713
9887
8724
7382
6609
6619
10204
9889
3510
10002
1680
3374
8396
10149
922
10622
25660
8085
5191
7308
1733
12930
5843
10362
16371
9577
17893
30169
2087
6525
2564
2287
6400
5516
173
15117
17525
11627
11481
1586
9945
6239
2378
10982
20716
1073
8719
7114
5443
20840
9238
10799
12254
8257
10101
7489
13600
8805
1523
25643
170
12459
37097
2751
16493
2983
11232
434
5248
4656
21773
2590
1514
5759
16
13108
4367
189
697
16415
5273
5328
16386
13626
3143
2014
4035
11876
8872
10211
3001
2927
1515
8628
1451
2137
8252
15639
690
644
30180
12671
19855
3263
6300
13167
2248
14819
7599
12343
914
30407
20923
3028
4782
14157
8978
10479
21690
8496
21345
16326
9659
5294
12190
2061
17250
8760
8321
4000
10681
6825
6112
4636
3327
12816
11764
6340
17002
6966
18859
4798
524
4497
705
6792
12844
14051
6301
126
1152
1124
7965
13214
8932
1256
5798
17246
22016
6456
3065
3882
5789
13050
14756
9420
12215
10181
4806
5198
2821
2811
4780
12716
10368
3450
4099
5839
17161
19547
4392
15645
11785
10825
19409
16341
658
13292
14033
8462
1064
16178
5490
4451
10435
8663
22589
1888
4969
19471
16205
3862
7269
12
3762
8007
33854
3911
12191
13211
17118
4533
16206
10108
9725
12312
8467
11435
319
5582
4623
11364
13060
5642
8678
15744
7966
6831
15265
13149
9379
18813
4719
13517
9870
3064
8991
14062
8534
14255
19124
1606
14995
2034
14092
10150
6665
16309
20483
5
6520
5989
6946
4939
9316
9705
22410
15261
10647
16359
466
21637
5535
5351
1513
6207
8666
69
363
6713
9212
3470
988
20407
14355
8756
8878
15405
10571
9900
3471
10763
9594
6253
9334
24497
1949
2535
14838
12146
17193
1947
5771
3034
7817
7521
11291
16951
15925
9131
6760
21856
1655
18290
2347
8051
7297
8404
3061
18169
11914
10524
8812
5417
20080
1537
21814
2477
22073
1218
3839
14340
14296
7143
17143
7488
23832
14795
681
1842
8715
9177
24354
2021
6484
25595
13727
4324
12153
7211
4010
3357
5190
41092
4034
6625
7525
1798
6053
14329
3229
763
21683
7409
5835
16520
7394
11568
14395
27226
26361
8401
20125
2221
5638
3115
11164
16768
16858
11479
5764
7868
12475
10675
1676
21399
5674
5376
4865
8702
1338
2574
9948
7898
15634
6486
17814
13818
2939
6381
15585
12818
467
18073
8660
21113
1391
6626
4039
8739
3076
1071
23432
7504
11661
9415
4619
10290
21921
4401
3302
11160
13579
12741
10887
8874
4330
11292
19743
14007
197
11459
5065
2666
14672
4796
18259
5551
12030
12771
9869
10635
5965
11416
8217
8728
2655
14117
18946
25322
12408
7689
14313
1191
17328
7926
1342
12156
6330
28791
1672
7059
4515
7553
9443
175
7189
12779
16173
3724
12349
423
6638
8039
1746
9556
11609
7611
13852
2866
7226
12197
3067
4822
2419
5641
11326
7122
4107
7849
2678
8935
7825
1295
8503
16629
8192
25480
2546
10032
4606
3967
10614
9279
7322
749
14181
9911
15663
6032
9522
4500
9496
12232
6255
6120
12684
10231
6030
6924
11955
15541
9324
11878
882
3420
9789
1121
15799
11475
4763
9478
10370
11795
1849
13346
12925
17112
5373
24892
11009
28964
21929
18317
19638
29948
3936
14030
4425
7102
21678
12504
20036
10886
797
8559
8131
13414
21584
20368
7770
18109
4920
6612
2561
5423
6107
11483
9625
8717
19290
21143
20079
8885
6867
12346
8525
33260
9128
7806
16643
18170
12223
28822
5480
7917
968
4495
3193
8691
2114
16287
20
9779
12277
1533
6442
21848
6890
10902
21261
1862
3238
680
1803
16955
12117
10325
15330
22346
18673
2889
16744
6186
10975
2222
16076
2648
8258
1307
15376
243
6907
17610
8141
12221
4009
210
10906
3512
22925
14257
6589
9619
7220
9917
21139
6674
13718
8544
6773
13792
2788
11845
928
4592
3042
3947
7883
12583
11881
1538
13285
20166
8314
7417
22972
12937
6145
25709
532
14106
1953
5151
16883
1662
8292
12115
12585
704
16810
4681
1094
15802
2150
5861
30904
5526
13765
11507
9091
18783
11514
33410
12185
8417
8996
6710
643
1446
6671
17797
440
12287
10551
18171
21351
14669
9645
29296
14955
3339
4653
255
6569
22222
3714
16352
4342
15594
12555
11350
8476
7006
17245
19737
5383
5381
5877
14159
7672
12669
6254
12836
10027
6265
11670
9192
4797
10281
6269
4616
13264
3827
8178
8449
1049
15457
318
1615
5074
11638
1175
28475
14668
2215
9608
7011
22687
19549
15977
12865
13022
7354
48
6567
5510
1273
395
15251
15748
1844
11629
9384
6483
5737
8837
473
3542
20102
7371
14876
18830
20656
12984
14060
15003
10043
1900
17521
15427
8426
9545
7957
674
6262
21119
17891
15343
24802
9801
5811
458
19200
1757
4325
12813
2365
4612
154
5284
11786
13307
11363
3642
10316
5633
2605
9886
13997
8029
7527
3315
4477
11418
11306
2394
16358
9511
7985
11875
6385
18482
11697
947
6292
15231
17167
9296
13837
3639
8695
13257
26637
2013
2521
21142
15817
606
1721
5120
10741
8082
11080
8502
7448
8150
7715
174
25365
3081
5952
8743
9383
19592
5802
17710
9055
8597
9274
3082
9531
26913
30184
8979
6433
23337
10694
12655
14801
3688
22006
13633
25784
17180
9422
23396
10246
11397
2490
75
10078
12682
12452
20441
1463
3484
4381
11552
12617
18111
4603
22280
20752
4629
4486
9391
1488
12552
2917
9723
15844
7934
11906
11444
7237
6389
3590
6050
10485
11277
7258
6048
18967
20168
4854
18066
9434
4730
20136
24806
12012
29770
15580
4589
1710
7598
19843
238
7502
9385
27320
425
840
24422
23790
1551
10931
436
441
435
4990
6932
792
9041
11924
8654
2735
6189
6655
18038
15780
1253
8018
8753
114
5079
31121
18464
23674
27104
12335
3396
10262
8422
17014
16910
3923
10253
7090
10613
10764
9234
3520
13256
1220
8831
10107
10889
437
6203
10972
10306
4948
13153
13915
10949
16338
10892
20402
9820
24676
14164
634
17323
3760
18423
7472
433
9927
2388
3842
8527
10820
3536
1797
34681
13919
5483
15005
15204
6130
38853
15819
6065
15588
15120
4558
17527
10597
16194
18670
21955
2276
3932
32534
17762
7248
5874
16911
27844
20903
9805
156
2816
6017
28427
7738
10543
12550
13051
7524
11919
16258
21696
1154
25512
22993
8309
8438
5728
4660
1101
10508
13554
9589
18998
5522
234
13732
12788
9
4365
5994
7241
3948
10376
6720
14118
9340
10175
14163
3469
5946
4860
12013
20092
6864
15121
18985
19095
16057
27996
2458
27542
22190
20096
6338
20714
12810
20510
22789
9660
12482
5121
22463
7533
10225
2228
18618
30572
5016
18909
25768
16399
535
5821
6531
16356
6811
17219
8796
3857
12320
9202
2474
4316
14179
4002
12306
9972
12918
2603
5532
12929
11336
268
25401
5163
1875
20012
10638
3069
20451
563
16649
19302
18490
14926
23493
27948
10275
583
7929
21271
15388
5482
18443
14944
10453
3455
31066
5431
17425
984
2074
16994
9331
8947
20156
6740
17162
15411
28963
30482
15318
9509
5580
6337
24332
9816
21179
10391
9273
10264
12133
11750
19699
9240
30638
11572
5900
8249
32072
1850
7415
13659
17405
24992
11166
12791
6623
5609
4051
25316
7020
12106
17985
8037
11486
5157
18773
11355
788
3056
11173
32980
3950
19296
8038
8185
3949
4689
16966
19382
10129
20889
2646
21939
11866
4421
9356
14854
11602
4731
3133
9554
14200
7080
1526
3128
15220
7378
1857
6412
14506
6468
65
31876
11833
16863
1889
1023
22829
15014
426
12589
11212
5379
10715
7066
25913
7107
10616
17206
13284
16839
13008
11106
14680
9571
22312
3732
67
23429
10366
11882
20539
10838
8701
624
10239
1104
3791
1670
6759
1643
27981
623
21116
19484
8201
6453
13102
12888
4683
29318
1591
7427
20492
8635
18059
13122
15200
9763
1299
35387
13421
19106
5171
10876
9678
10186
12282
9362
23058
15875
24103
14251
11990
2923
24832
20160
14319
12811
12624
31070
14005
5309
4575
6764
9068
24487
24486
5837
8915
4685
32714
4757
10513
6033
9126
8122
3387
22007
13816
8019
6670
13056
9877
6572
7842
14866
17086
23659
7359
2840
10841
4338
9070
1005
3233
8464
17022
5784
20456
11085
14031
39616
25935
6103
9616
983
7400
14707
13451
13758
33048
1380
19903
4560
8399
10645
16559
11655
14085
3662
331
11088
5241
23052
7695
4764
3371
1528
12413
26974
15080
18781
21978
24226
21602
6722
22079
5291
20744
6817
12878
10283
11488
21682
26789
12404
18723
8307
9903
41008
6047
9372
16364
7505
5229
9513
2421
16421
13310
15878
28014
5671
22211
17160
9864
7027
5838
2282
11784
11714
17818
4484
14728
18599
14276
11398
7484
10504
11827
5409
13367
4954
19625
7628
17025
136
654
7866
2772
11787
5676
14102
15803
2961
4147
22331
8942
23115
26507
23984
2519
12543
11752
18541
12218
12143
4608
3759
14696
645
14099
496
11105
25953
18658
19372
25572
11612
6900
8901
15686
9803
14100
15611
19785
31361
7199
10637
35671
16767
33190
6148
8385
17332
14708
1963
23732
4618
26352
11769
1157
11649
12040
18671
9115
10228
10424
8189
2404
20519
34290
1991
5891
10009
11692
9195
14351
39143
7827
27846
9707
7443
16394
41545
5264
14368
19911
20398
42099
8179
305
31232
18656
14372
22050
10890
11814
11462
1582
5527
12086
18921
12249
476
12002
25296
2935
4718
14428
28327
8830
18776
21459
1927
13568
5459
9407
3285
26976
14045
573
4767
28093
11889
26556
24911
17044
15545
16673
15635
16773
21999
5823
19397
24951
19287
10093
13301
10036
17736
9614
18255
4972
6369
16640
6221
14759
12884
619
21115
11003
5936
53627
17739
24952
29956
14397
6587
10611
22126
13259
10317
5212
9337
15695
25959
3059
25958
38542
7375
5327
11356
31
9416
11580
1982
24769
27156
11980
15538
5213
33823
2308
10817
10433
18789
11023
3863
317
3140
12654
22352
1210
11633
4535
25530
10216
20742
27173
17752
13220
7847
10276
13490
8378
2805
179
8365
15430
2875
2758
20406
1283
11270
5375
27108
20753
6447
47680
10104
4679
3858
3856
21153
2426
7643
9939
3913
8402
10457
4633
8722
6470
9307
62
3888
1501
24261
30996
5382
3460
41451
14283
14254
2023
1704
24093
23336
25782
18588
546
2293
8870
4389
22390
19545
9615
2505
32728
10986
3835
8941
7018
31367
18444
6111
10772
27912
8703
5125
4521
15796
2862
1120
3355
662
13109
27943
3354
8091
9601
19813
6410
14971
2313
7031
6350
25251
3084
13595
18135
5300
15072
12371
8366
24542
3012
5750
20013
20948
38001
16506
9350
1686
7198
6273
20189
5958
10863
15949
17869
10327
9642
18380
18134
2111
2860
12132
8452
8742
9734
1866
34506
26634
13138
30623
16582
13336
1583
6556
2687
21667
16797
14699
18087
725
29387
12328
2924
12152
15259
37072
14607
9339
26341
16360
14977
26077
8698
10340
5857
14624
23887
29875
4682
12043
22365
4715
7703
4475
2702
8472
7547
12704
14320
8582
16361
314
29091
7928
7526
13556
17315
12869
3018
16836
8526
1324
8540
7745
17331
23028
16896
24587
13334
4955
16635
2982
9892
111
14041
4181
10048
28697
6875
7078
7288
11075
16088
7891
38010
23408
9941
10053
5659
28632
13947
1610
12199
13798
7094
19596
20147
6549
14316
36286
1356
9546
2726
6391
9584
2615
6781
14616
23666
15428
8721
13103
26904
19432
12616
10885
15589
10227
19374
32036
12314
10098
18095
2964
1045
9476
7797
8263
11589
9424
13165
14652
6662
6173
13092
1159
17679
18215
5201
7685
18007
32905
1881
1471
6896
2316
23919
940
22048
14081
21680
29442
4361
21772
6431
9301
27821
7439
6251
9826
240
5930
13357
34543
9281
3686
14064
11039
14561
11008
22497
19558
9389
12233
23532
19133
3702
5980
16860
2250
1332
4317
3681
25799
23933
20103
5486
14891
12729
1791
8931
17749
6314
256
11614
2826
5240
10918
15368
9363
17266
5450
23846
6134
31758
18615
78
26121
13319
32805
17500
5185
1379
7604
2112
4545
35142
42496
24561
15714
2994
4585
24123
4588
12718
14414
6691
23835
13100
15199
33677
20424
9157
18628
25565
5193
11114
10784
6561
18128
2056
25030
6927
14956
12969
8675
1007
17077
14675
3057
17523
13061
10621
7457
2540
9646
10618
5367
2910
2838
14870
18213
19037
9901
19129
36267
23604
16070
8689
6992
5636
13733
21025
13237
29026
11699
8340
5210
15390
591
20882
10241
16697
14143
21947
5612
28741
9066
25379
7549
1054
24040
12265
15311
23743
11062
2609
8086
22997
1742
17532
24218
28570
21781
3807
5012
15247
5009
6716
14318
19991
3
12785
14436
9309
8583
26167
2116
28573
38782
8441
14047
6071
4417
9101
2837
19368
9257
28269
9504
12479
15716
5006
9190
24529
42069
9871
18022
21525
2265
12972
50440
31802
2086
31828
1697
10809
14037
6383
10018
7203
5996
24621
55
4343
9878
16227
4366
148
23839
7506
12611
13224
6901
6390
5822
32450
22078
18969
16211
24185
6981
28220
5051
2518
40823
8994
30176
1948
5734
12922
6466
3868
19759
22985
11445
5289
12817
13423
2997
11587
16150
10976
44449
4509
11183
22230
18732
10837
19031
29991
6404
5257
24128
42956
2062
2398
1182
12526
18905
2405
17910
730
23489
11344
402
12216
16915
21463
12812
38948
3829
32864
3319
9329
6640
4622
15206
17171
8723
4559
13636
16871
17031
4631
7742
582
9788
3023
11489
4751
27019
13713
33448
15909
3155
10562
17166
25093
14289
12076
18062
20774
10198
8792
44450
20155
55008
11449
7286
5606
3225
15846
33139
19922
28089
16837
21080
8017
22107
17848
12520
9393
207
3096
6887
9698
1270
22833
38373
8137
7654
11766
24101
7373
6308
19247
9266
21344
388
10697
38374
48581
3776
27426
14583
9569
9777
9236
13948
20316
10964
21100
20965
22611
15958
7276
6937
33824
7450
829
5316
21321
3559
25443
14247
9924
8550
14935
12561
25230
22941
4953
11739
24610
4004
7962
8891
13273
13311
11025
2162
10109
3247
16580
22725
7303
18539
21528
31122
29329
10663
10907
740
8453
21906
17389
18720
13168
23131
8604
13720
16524
15675
18426
6393
16879
5968
16981
22221
11535
2942
17395
27684
13058
2018
30314
9583
602
595
1689
14256
2052
16859
18472
18497
20769
39912
14948
20705
20827
23362
17263
2767
8168
1604
12870
21711
33355
11304
35462
37306
2275
37444
13377
26242
17382
2466
13291
37714
1396
12324
7941
18563
10481
6332
43806
31262
8319
16922
4828
15735
19631
23944
11702
4677
20082
34766
8125
6582
19028
17864
21763
14087
52148
4775
52145
1309
39642
12559
52149
18912
52146
52151
945
4485
20447
7634
52147
52150
22906
460
5924
22778
8358
5402
3291
16376
28646
14022
9510
6934
14338
5650
15934
10519
9410
3409
15703
20234
29319
20198
4911
20834
15228
10056
20085
8278
9508
3933
26588
42118
30172
3418
8181
8631
8966
3181
10874
27763
29457
14657
7469
20171
2434
11825
18782
12322
9343
6821
14250
21786
4434
9013
10894
1543
6850
16369
2827
16928
17230
27342
5763
14271
8479
28609
11387
694
28519
5844
2695
16475
4275
12114
28266
49
7786
17658
3161
13658
32991
4696
25446
6264
2565
13867
15066
5617
18065
8477
20577
21475
10511
1747
2765
15854
1057
21154
7991
35643
4649
53779
2249
16591
17039
16032
28622
7266
10014
724
10012
4933
6257
9963
8777
13213
18488
8656
36874
11244
9540
10536
18270
9006
16584
30734
21078
2105
1061
29450
9494
6044
15202
10656
29166
7196
3148
16536
32592
25553
28092
2763
11548
28555
4371
14562
15065
15035
3768
43949
21022
3159
10136
13238
13239
6595
11733
18432
13071
9751
15331
25148
150
36442
42299
20866
14399
15752
14096
50369
1967
24833
3656
26860
23847
24038
32417
34422
4576
15249
8864
17516
14356
19561
14023
19425
11607
11751
36465
22943
6962
16044
8620
15213
5720
8106
7145
47972
10733
6366
10587
20380
25080
7493
5242
219
2242
12721
9617
36443
3392
26845
14569
18232
14947
14538
28654
10448
29761
20015
20550
44768
19593
7775
13327
11408
20950
15455
34719
21837
41697
25878
1928
21568
3820
10904
24551
32780
8997
18878
23880
15637
2155
4634
11470
2797
11709
26528
8092
12509
15540
21777
5159
9780
9283
926
3504
13700
4931
8416
13348
6841
10767
1105
26869
28273
5945
33269
6636
32119
16424
27977
22478
8804
2138
26605
7179
10162
9064
5317
9061
15156
56028
2447
1400
44444
27080
3188
113
30212
23993
24025
4759
8754
8202
16074
498
27000
16483
3523
18654
45870
4727
6068
6140
50156
244
16756
20449
6147
29266
4081
3599
9814
4347
29578
9653
18137
20598
11591
12007
28318
1829
11499
48483
13011
12307
8847
20766
27823
9783
28910
2972
41349
15809
22527
26780
7013
24340
11352
29052
12631
28550
6732
9914
1440
7134
49727
23667
11338
16607
16906
17747
1377
2771
2723
19686
15160
15622
47848
11935
13514
7857
9977
8937
9021
7750
2806
13140
3037
17131
31438
11400
2764
6185
2548
49463
14693
18068
1011
7384
5458
3705
18418
965
3249
34192
30892
2799
12150
25103
2566
17149
22022
25393
11747
1503
4903
5673
14454
37443
2757
2865
1444
8574
25214
6733
7872
37996
2386
21738
13188
24421
34365
14768
14964
3376
3164
12130
21614
10350
6069
3104
7887
8342
24953
7089
24105
8380
4817
6159
15738
23178
23180
18354
11423
12795
3665
17728
10287
13447
15335
1728
20617
23177
13797
10677
23179
10811
10810
27232
10807
10806
10805
23175
10804
5025
23176
10808
16769
3335
50432
18098
20629
43795
3951
2674
4443
3439
9688
443
24503
22856
7950
23370
20014
8333
12648
7497
236
8959
4037
8926
51135
21714
18394
4960
27279
536
34397
22645
22036
3497
1022
2812
39267
48338
18678
4771
6281
13052
19203
12196
6196
6940
8596
4627
31779
3044
12288
15184
11894
25582
16217
1024
15068
10213
12676
5911
14975
33814
25301
5501
23113
47216
38647
18665
17366
10632
20243
3223
31991
6987
9176
31657
13649
5986
3558
7463
31513
890
26332
29841
16131
20481
16816
39759
17413
4356
9044
2321
8773
5015
7946
2586
17307
2132
1511
33898
8460
31080
17215
8705
1907
18300
3722
9401
22388
9015
19408
30183
5593
12519
6123
371
12222
9708
1748
19040
4385
49020
10244
33292
17884
16745
7656
32250
4989
1137
10553
21126
67315
19308
14642
27244
11554
46161
8548
35465
23497
23765
45930
36159
10624
16932
33391
8204
31891
9628
31916
30675
2097
8061
9843
31914
5188
221
52836
14404
10344
20401
3654
17008
11810
6035
45866
15306
4662
14667
67191
1178
8999
8348
46270
11691
35409
60860
12540
43805
2037
59360
25461
19482
6897
13931
9125
18590
6591
21305
33828
24693
21362
8066
27677
709
52408
8285
13422
28031
3852
10351
32524
23328
11440
23966
15157
5364
6558
3043
45058
19240
11922
938
3287
29188
21980
25936
27915
8905
35002
8521
4542
36963
11126
6025
38412
30175
8826
11289
12726
25283
13722
18561
5583
6309
44604
15668
11413
36884
14494
34834
14341
19171
46408
1876
15913
3224
5343
15149
3779
27968
35508
15861
28471
34307
13791
26572
16854
4581
13385
19439
15951
27407
33229
33233
18593
11217
6156
19280
7491
12184
16920
22466
37782
17458
6003
4355
31114
22105
4652
4403
14043
13943
11856
22100
8023
15596
13761
11119
5123
7814
6645
9398
19071
15800
17986
1415
9857
17073
17738
32781
12380
2760
19049
5849
20244
17257
10607
21530
20592
10578
10997
21847
13622
9962
27450
14434
14445
20466
21686
14879
8552
28836
8741
667
15697
36905
25733
33679
16393
22484
17081
27675
3323
10038
10035
15145
11967
29848
1975
33397
2864
14932
15098
23323
61031
2638
33261
12635
25065
23401
7568
7607
7924
22798
17276
26673
13364
20494
10418
10778
10151
28894
19132
26497
40816
36464
7465
19859
22203
1143
18479
13657
2195
22986
44182
18239
4936
9269
38578
23398
15576
3274
38743
4339
35198
3528
9333
23118
2956
31304
23506
8435
27373
4664
5296
24254
19863
5017
10878
16284
4837
4826
7556
16611
23104
16469
32619
6506
16038
10891
24971
13340
14875
10888
3982
13537
29322
6730
17049
20301
16728
24629
18874
11672
15658
15687
31403
20117
23135
17218
27903
19765
42800
4512
4059
2292
13210
15159
2238
21688
530
515
13864
30287
23081
8196
51077
3068
19980
1353
333
13866
31577
24515
5779
25548
30311
36393
34024
11128
14420
21414
10749
29406
5581
7813
22932
469
23793
18700
44332
4531
14207
13174
34659
2307
22679
10633
19817
9686
38657
16072
9656
7605
37119
10021
20788
3653
12646
27056
3987
19194
15263
35429
20789
11680
36148
57961
9181
13290
9630
11452
1895
16183
24666
20143
9083
15122
24978
41672
64083
4893
10202
5418
11807
23088
25866
14712
20615
15092
29807
12748
17635
19434
16509
7486
29768
11420
8494
13392
16355
32200
2327
11887
18398
4142
2738
8570
14110
27212
21093
15766
30950
6911
8138
8446
18951
6605
28653
38112
8849
16762
22977
20428
17734
41673
44607
15250
6062
2039
27725
27726
33539
1072
34000
21964
14908
13611
24602
7163
2499
27770
7271
20064
18093
14577
21317
6127
9534
22144
18198
27022
22374
16923
27396
1343
11493
41692
13573
3890
7700
45999
41693
11619
12395
21616
41695
41696
21607
9436
41694
12011
39550
25879
14115
32486
25184
12112
20409
32147
43778
12289
8908
15041
20980
10383
23836
25885
1970
25884
10831
25883
25882
25880
7088
8694
16169
3701
4049
25436
7580
29027
14704
14773
35660
5788
30587
5390
9515
11704
21745
13616
14156
28284
33604
22008
5073
15760
28257
15640
4966
22772
15633
5010
5011
18351
16109
4416
26677
5393
22276
20860
20861
10930
15280
7566
40287
22358
12887
4818
13072
14233
2717
22506
20815
28865
20616
5598
30832
55314
37257
13594
34346
1016
8108
10954
10815
36018
4971
9970
5541
27277
14268
30021
25320
14656
27670
44452
15037
20597
6450
18057
2252
22177
17616
17261
37475
4672
7406
27567
9834
13112
35792
48257
13958
19327
16612
42295
42294
42293
7601
37298
1766
10314
11999
42292
271
15173
6435
36727
24869
5870
36674
51874
12901
24795
36242
10280
15988
37134
15919
26407
620
20499
25590
23854
7341
13361
22215
45435
9404
16617
26109
34557
11942
12088
16848
16982
9475
886
6384
6100
14453
12003
39517
31391
8134
1738
18525
9016
20874
6622
6521
47392
14270
8210
1654
13742
8881
8303
4599
14275
21044
15452
12042
3005
20159
30735
18301
24866
11391
32203
8556
31869
15841
27635
50227
8622
57263
10070
15727
6560
14427
21021
20984
13089
3634
21026
13329
17654
14604
17801
10634
35332
7890
14476
9507
21023
19616
34367
21893
1566
28425
18777
23476
5897
9631
18125
11227
9898
22502
4962
29128
6423
12467
11071
25911
33564
34331
14479
13099
9738
28837
13420
28890
3917
19654
57418
25205
11821
17159
23173
33014
11861
51987
10086
15733
44203
30352
16337
19703
16061
29574
20101
16043
12680
23488
11403
21438
8543
15932
12495
57571
348
4041
6297
29101
13717
10722
10061
15874
4694
24029
21497
47181
36203
24980
26100
34086
13269
31730
19819
27954
366
46802
12554
18846
21915
21061
21960
7477
9033
18060
11926
25567
7559
14666
13276
42252
41074
28750
19727
34779
8377
69275
19007
8382
11299
8324
25476
4654
35714
24552
10680
33556
27265
36892
49512
13699
17133
33501
338
12876
18363
27385
23390
32252
11673
9397
35784
41180
21395
12379
13360
10781
27464
25560
34044
43823
30604
53299
41709
6634
23920
11316
9146
23616
33113
23728
9145
36133
4889
13025
6696
22142
13082
39866
17125
19755
9983
7005
13283
14633
14622
28842
17027
11952
17970
7468
6368
22233
35854
21984
10601
25593
13287
8607
30754
30217
5260
1246
4360
9381
17619
8030
7316
23139
23829
4410
39540
32118
38514
9627
23568
8898
7351
10010
32869
44123
9133
49745
44127
10459
10521
12066
17295
25947
19769
10505
10927
31675
25758
7182
43313
24715
34611
1290
12933
34576
9349
8208
9287
3427
11453
11360
8347
3114
1745
22525
4758
12544
40506
17256
27994
12361
5460
32850
21542
8778
21864
25786
40012
12236
49874
30688
28578
10476
2156
40527
8586
10100
39840
20196
35350
1788
18744
12072
8456
18562
18040
26046
22509
37451
14941
14940
5265
13365
615
552
14398
14165
21932
15623
297
18940
11015
13972
2201
20964
30371
17838
3853
48928
12679
53615
27442
14034
352
18812
4852
8590
8167
46617
52803
52770
28228
28389
27222
27131
8021
27121
8699
12359
13781
3781
40744
11772
20701
12059
20230
39453
23718
21515
21337
5815
18044
39114
17894
6477
15784
32713
13510
538
3055
6861
30446
15747
16192
13873
13304
13219
17237
7293
415
17281
7338
7475
13127
2873
29295
7618
7800
15666
2791
5512
17841
13723
24739
11770
22159
22721
40982
9214
22959
4432
41716
2373
41726
23741
26935
2375
19889
14567
2547
19426
3823
35374
27772
17262
28033
2775
33219
2940
20061
24717
3955
48156
33552
27886
8708
24008
20435
17102
16771
8008
16181
11727
10569
10143
21430
7132
2813
24600
41648
8207
35269
15328
11339
11962
2472
29116
12386
23255
822
23227
12708
26624
11590
25452
35579
11267
13921
10707
22356
38904
22255
14412
35124
21938
5028
9073
10651
42378
14089
5569
22435
6938
13789
23609
8983
23651
20397
15143
97
24944
13412
16571
27095
16312
2353
23485
4770
25495
31646
43656
19618
24166
1472
26676
6949
27619
18826
18762
15879
19531
10133
6534
17418
9721
40628
27084
19149
24052
31789
11957
27986
11954
30281
57420
16295
20757
29049
46271
9149
8990
699
31790
1171
31868
5983
2582
19947
7684
30179
24524
7856
27101
30007
16362
2668
29146
44648
12881
5400
21145
11536
11537
31700
25748
19900
4831
4838
26032
15758
33681
28956
28957
924
10110
43291
5063
1201
4306
21306
42156
10615
1406
17782
47
1083
60146
27697
9005
15899
48714
22608
10274
20251
7127
23425
14962
9812
3377
14226
29405
356
32022
3129
27012
2967
6852
8197
2055
5437
4724
2931
28442
38857
44608
21499
8787
32214
15864
5247
25901
42317
22880
19753
21460
24533
7079
44714
4944
41572
17826
13080
10834
2417
45631
577
31959
7765
7795
5782
2696
9936
51468
14080
26024
9370
9845
5645
14683
14886
24446
