163
547
1635
465
100
795
420
2030
975
383
91
144
933
1447
796
96
1300
209
1929
1709
1394
1925
949
1598
500
776
1319
376
1082
1257
411
489
86
4450
362
123
1981
3706
2712
1354
5623
689
2333
92
509
811
1480
115
2124
107
761
1459
648
2319
63
1298
2163
1883
145
778
135
865
5534
41
453
3405
3721
3283
1706
104
1163
2494
3262
6673
1825
1971
334
1911
807
1466
1646
5716
3962
343
4849
1559
775
1041
1836
1196
716
957
2066
5507
1809
2473
2000
3972
1599
410
786
1302
2497
110
3278
2761
707
3921
51
5435
1629
1830
828
772
6316
1622
5881
946
2083
1330
2469
1066
1482
3352
1286
4848
1078
1335
3286
998
3896
2206
3553
3937
1237
81
868
518
2478
5054
4428
1293
1934
4873
845
4793
374
659
1229
1418
2427
2632
3870
263
817
4473
937
3720
1555
1040
2525
875
6639
1784
673
936
994
6181
1172
1693
3360
4844
117
5856
4866
3841
2168
3282
723
2471
4905
1318
1277
869
2232
5053
6652
584
3608
5044
3576
399
455
6299
3614
1145
3845
4017
5040
266
6041
137
769
2642
2463
4855
2677
6731
773
959
2015
794
5536
155
387
7117
902
5452
8107
5878
3970
2058
6116
2522
1373
3892
269
487
1651
2644
7137
1626
370
2330
2464
381
33
870
2460
4809
1589
1260
1476
5694
636
5997
2413
4925
1227
2683
3898
5854
1046
1785
4412
4739
4927
815
5071
1594
1858
2492
5178
8455
621
767
915
2359
3217
801
7128
82
1877
686
5539
6663
1703
2351
3929
4362
6326
3928
147
934
1424
6929
604
1885
2783
3941
414
3708
625
1600
3422
3880
3965
9210
88
2266
6493
805
1750
30
1950
2069
3112
1241
382
614
1340
3707
5387
5545
942
1285
2488
608
1169
2143
46
3236
6011
908
1036
5122
7395
953
2098
651
3715
3797
3895
4368
4422
7036
866
1160
1460
1908
1957
2001
4975
7766
132
3952
6079
380
6879
1541
3038
5917
394
955
1773
3369
3545
5646
6481
7268
3237
6409
2194
6813
5603
1812
2591
1179
7377
1341
5097
3153
5043
258
3293
6950
2743
510
958
1408
1469
2367
4045
1702
3531
57
157
406
997
1093
2975
3910
4840
5105
7706
734
2235
2256
3953
4882
737
1793
3636
5661
1284
1465
3907
3940
4031
6067
1504
3199
6727
200
218
1763
2833
202
2324
2524
819
3747
826
1964
2144
7705
833
1287
3912
183
951
5223
378
1079
2260
1247
3579
5873
7236
1339
2730
2843
5715
6122
403
755
2314
793
7993
943
990
10210
692
3958
4967
785
813
1910
2432
3666
6018
7975
1312
904
1268
2241
3073
1527
1735
2753
6060
7967
99
506
2077
2134
2481
3650
3881
4130
5099
612
3423
300
831
1230
3869
6037
6809
52
731
1375
3727
502
1879
6682
272
2577
5464
12674
1234
2970
4974
4979
7356
280
2135
3974
5048
5809
6276
664
3885
6312
7438
7820
1993
3774
3919
4470
4811
4856
5466
525
823
1162
1734
3310
4353
5634
5360
5546
6288
849
2045
5866
832
1109
3094
5436
1576
3373
11388
722
1495
4503
430
1215
1486
1612
1987
2154
2188
2530
3083
8763
910
7148
7153
7509
295
3886
508
726
3628
5760
571
3865
4311
4878
6661
160
292
377
451
640
5761
6601
6958
569
944
1320
3969
4885
94
130
412
2804
3547
3918
507
1235
6315
6686
13678
1399
1641
2146
7420
205
1142
1146
1238
1755
1999
3916
4549
4329
5753
6721
141
5800
6518
391
1597
3337
3668
4447
4467
6984
408
3466
7264
214
1357
2300
3408
7108
176
2500
847
1088
2185
2200
2452
4109
5618
8751
1660
2071
2182
3454
4032
4105
4601
6043
7424
911
2446
4482
1657
2254
2872
3400
5124
6178
7254
693
5042
6460
7294
821
2197
2268
3185
3883
5530
5668
8716
10738
213
246
398
616
820
2270
3197
4488
8266
171
783
1207
1990
617
835
1348
2224
3875
5199
5935
771
1932
2159
6289
762
912
1569
3367
4465
4857
7456
8318
9344
1872
3474
8057
11891
512
1439
4995
5472
5858
6555
72
2782
1282
1326
3138
3399
3648
5622
5842
5886
8369
12383
260
533
691
1863
7959
1491
3187
3906
5187
6649
8041
159
1074
1625
2203
5085
5657
6487
405
672
2606
2913
6816
10939
13084
397
630
2851
4323
6427
8696
809
1692
4448
8424
738
777
2047
2271
2425
3734
3375
5167
250
2067
2747
3521
6012
7759
7761
7773
594
803
2345
2504
3074
5169
5765
5859
8668
9111
765
1158
2918
2989
5041
5046
7239
810
1002
1658
1696
2532
6055
390
746
4502
5489
6290
188
1077
2031
3750
4867
5057
9691
98
757
1659
3696
3934
4322
5632
814
2017
5828
8420
299
2468
3280
3300
3381
3711
4546
5742
7597
10463
1266
2435
2476
4548
5096
5259
28
980
1390
3635
3946
5263
5506
5519
5937
6310
7049
8784
545
607
1213
1642
2697
4014
4471
5261
5406
6693
60
1456
1715
1994
5089
5833
6293
6706
8423
1239
5863
7171
8579
2718
2933
3871
4207
4493
5181
5733
8414
12253
806
853
2093
2528
3655
3878
5356
7039
386
1204
6133
6218
8109
322
883
2756
5476
5531
5959
6666
8142
10328
1020
1571
11290
332
981
1384
1893
2216
2393
4440
5865
7047
7081
7432
7997
10512
462
841
1108
1509
2003
3416
3874
3905
4725
6014
677
721
1821
2898
2981
3413
4985
5605
143
172
193
409
627
1161
3777
4886
481
646
676
1225
1448
1853
2516
3072
3806
3920
4544
5224
5502
6056
6086
6830
6891
10803
11013
956
2187
2649
4568
5745
6899
7121
152
330
519
836
846
1187
1337
1639
2234
3938
4869
5388
5709
5987
10323
1679
2647
5757
6094
635
747
756
1053
2126
2411
2486
3480
3887
5126
7943
9593
11121
798
827
1033
1740
2180
2614
2984
3305
3915
5055
5254
5718
6191
6675
720
1412
1690
1764
1820
2579
2880
3449
4799
5072
703
751
1708
2139
2332
2800
4870
4980
6458
6669
7381
8345
9867
11984
3773
4524
6684
7662
9197
10944
95
812
1621
1801
1901
2807
6329
7726
8155
121
274
1919
2148
2901
2980
3066
3535
3601
6114
872
892
995
1267
1669
3379
3818
5094
5186
6550
6632
939
2487
2905
3383
3461
5923
1470
6362
6812
6892
422
1098
1205
1561
2151
2456
2662
3792
4569
9364
12485
12893
808
824
935
941
2208
3203
3922
7061
194
592
1455
1814
1835
2787
3398
4899
5479
8527
9821
10591
335
1018
1761
2397
3467
3555
5086
5176
5963
11265
361
1106
1687
1700
1884
2403
2423
5628
5834
6888
9100
11893
27
229
342
1190
3166
3407
3765
3800
3873
3903
3926
7106
7772
8767
11004
514
1347
2482
2988
3840
4923
5050
5059
5693
5743
6753
6925
8218
8948
12863
787
2281
2790
3902
4863
5135
6335
7092
8775
10940
308
1009
1261
1712
1753
1942
2247
3208
3492
3613
4529
4858
6871
7136
9193
10664
11513
12711
985
1450
2046
2515
3318
3498
3517
3741
3960
4527
5610
5804
5847
8418
8738
452
917
1426
2784
3578
3891
4552
4620
5629
5687
6823
6913
7768
8680
10205
13036
158
1823
3740
7534
8156
8697
161
1035
1211
1442
3284
3780
4379
4609
5675
5767
8535
8563
8858
491
782
1047
2422
3089
3503
4487
4978
6405
6795
6930
8676
8748
385
696
1588
1815
2257
3086
3386
3507
3527
3989
5538
5681
5813
6026
6113
6200
8868
10049
753
1167
1366
1452
1478
1479
1577
1904
3020
3475
3735
3801
5148
6151
6719
6893
7396
9452
719
732
1188
2370
3317
3518
3767
4398
5883
7793
8642
8655
9027
373
784
844
874
1010
1125
1263
1826
3486
3557
4604
5353
7830
9585
11826
14654
265
477
660
729
1276
1291
2272
2491
2794
3060
3124
3250
5954
6711
8412
8584
1032
1051
1087
1289
1637
1799
2299
2888
3025
3479
5058
6021
6059
6668
8215
8595
527
931
1350
2267
3226
3242
4499
4743
4884
5070
5616
5790
6229
7276
7411
8184
14540
22
162
674
856
1019
1056
1107
1624
1795
1805
2008
2019
2762
3575
3901
4240
4387
4595
5594
5793
6052
13250
71
191
389
418
774
1068
1873
2088
2792
3030
3421
3749
3751
4781
5778
5783
6304
6956
9022
16083
17426
164
336
1156
2198
2617
3050
3594
3783
5514
5853
8859
14171
17647
288
1249
1765
3256
3445
3723
3909
5868
7418
10044
11545
14343
663
1219
2161
3478
3499
4474
5776
5869
6124
6338
6627
7299
7425
10054
735
752
760
839
1147
1370
1484
1818
3088
3731
5663
6282
6295
6522
7208
7821
8576
12477
151
766
1796
2624
3162
3359
3728
3733
3739
3889
4491
5524
6040
6045
6049
6902
8485
8681
11646
16576
2170
2908
3526
4698
4973
5252
5717
5855
6877
7363
8190
8488
10220
12373
790
1141
1474
1653
1832
1936
2597
2934
3516
3588
4376
4668
4996
5061
5358
5885
7040
7799
8436
10732
11508
15472
1822
3049
3149
3462
3879
4871
6653
8097
8692
8867
339
556
3764
3872
4504
4748
5444
5700
6392
6607
7234
7245
7859
1905
2303
2475
3119
3744
4582
4625
4761
5473
10700
11111
16012
1264
1425
1433
1595
2189
2543
2850
2858
2931
3110
3321
3378
3380
3717
3927
4350
5060
5686
6443
6571
6674
7053
8764
13627
15138
223
245
1392
1414
2096
2720
2867
2904
3738
4048
4510
4607
6008
7025
8165
9696
682
741
1155
1423
1816
2167
3003
3211
3294
3411
3532
3978
6767
7583
9109
9294
11914
649
1236
2158
2467
3108
3111
3838
4348
4598
6066
6845
6895
8375
9433
10636
10731
13785
13794
2323
2541
4765
5253
5511
5572
5766
5814
6872
7752
8214
9670
11688
12855
13045
578
1006
1573
1867
2699
5649
5946
6754
7141
7539
8577
8811
8933
885
1317
1462
2966
4393
7514
7660
7810
8182
8951
9327
9373
294
426
610
611
657
739
1014
1374
2073
3156
3263
3505
4352
5471
5969
9095
9952
129
196
432
740
1076
1868
2245
2979
3090
3493
3647
4657
5469
5723
7149
7273
8533
10266
11208
18892
522
733
1067
1100
1323
1395
2874
3201
3612
3693
4594
4808
4862
5537
5654
6358
9444
11041
11575
11610
124
125
262
454
744
764
838
916
1094
1402
2943
3525
3754
3956
4364
4468
4539
5003
5051
5227
5831
6009
6787
6820
7573
9574
11082
11258
11660
14342
105
345
1198
1498
1564
1652
2280
2496
3515
3709
3799
4984
5200
5544
5731
6072
6305
6437
7235
7674
7746
8070
8765
9230
13293
14549
1352
1681
1811
3459
3533
4673
5209
5238
5457
5658
5950
6434
6657
7464
7538
11579
12239
12501
120
375
513
568
638
1279
2827
3270
3509
4735
5540
6658
6900
6903
7126
7269
7623
7694
11628
21775
185
499
505
548
670
690
1405
1454
1870
1909
2341
3077
3637
5023
5104
5848
6085
6198
6644
7532
7954
10251
11077
11542
15797
654
906
1095
1648
2026
2506
2755
2795
3382
3482
3519
3716
4369
4814
4968
5588
5600
6838
7139
8833
8861
9338
10663
12396
12658
13123
211
427
711
1592
1813
3298
3534
3785
3924
4490
10527
11760
11940
15708
122
860
1806
2186
2340
2978
3468
3508
3677
4466
5062
5484
6495
6824
7369
8220
8507
8729
10503
10757
10968
396
529
671
704
1492
3157
3652
3963
4016
4023
4291
4711
5947
6651
6870
7669
7901
8050
8322
8762
10520
11961
15945
631
748
1113
2137
2157
2178
2729
2912
3254
3444
3908
4476
4577
5412
5474
5792
6578
6630
6659
7977
8293
8415
8634
9282
11084
14856
19479
1322
1499
1593
1760
1983
2954
3181
3329
3404
3419
5948
5975
6076
6117
6712
6967
7250
7262
8678
10263
10911
13088
14190
16421
360
558
763
791
1122
1672
1749
1754
1800
1828
2610
3163
3456
3609
3699
3787
5108
5526
5803
6459
6588
7401
7536
8712
9658
11520
11715
12263
13117
15039
15395
526
695
770
1096
1274
1892
2128
2786
3477
3620
3643
3748
4792
5405
5433
5840
6557
7764
8774
9365
9944
10139
11635
12127
12251
13308
17425
14
321
656
781
1043
1782
2043
2258
2769
3435
3789
4026
5045
5047
5098
5245
5256
5386
5509
5797
5989
6283
6340
6947
7091
7405
7914
8651
8772
8828
9500
12262
555
684
1111
1232
1475
1871
2338
2401
2817
2886
3795
3925
3930
4802
5359
5425
5481
5780
5860
6054
6162
6317
7087
7304
8434
8717
8760
10515
11738
12092
15260
102
404
637
993
1579
1943
2103
2526
2616
3494
3522
4571
5505
6188
6371
6547
6650
6744
9254
14097
16666
400
1034
1092
1483
1584
2149
2183
2184
2199
2218
2484
3015
3152
3268
3784
4314
4566
4821
5066
5165
5573
5592
6345
6680
6704
7051
7085
7460
7661
8186
9203
10475
12227
14109
150
1259
1331
1517
1574
1616
1697
1699
1807
3510
3593
3931
3943
3995
4003
4596
5082
5361
5363
5515
6019
6231
6408
6424
6791
8277
8589
8619
8934
9136
10672
12345
15284
18393
18860
724
1042
1075
1969
2240
2803
2820
2837
3342
3697
3961
4536
4976
5207
5280
5491
6118
6270
6963
7021
7082
7118
7983
8635
8693
8790
9828
10645
521
754
1081
1117
1520
1798
3302
3465
3670
5615
6024
6313
7191
7261
8128
8439
8953
9238
10665
10980
11959
12482
14301
169
401
701
749
1050
1060
1194
1315
1481
1675
1698
2941
3314
3424
3483
3730
3811
3821
4046
4572
5063
5631
5825
6432
6629
6735
6886
6957
7394
8210
8915
9882
10955
11380
11418
14274
14912
816
2034
2136
2190
2608
2735
3051
3513
3726
3788
3793
3877
4147
4928
5699
5852
5862
5922
5973
5988
6346
6431
6446
6465
6717
6729
6766
6862
6865
7002
7113
7129
7540
7601
8487
8610
8787
9493
9597
10314
12360
12676
14368
14709
15127
17201
20276
467
581
743
802
1548
2020
2147
2213
2825
3151
3496
3572
3769
3994
4588
4938
5251
5440
5794
6300
6709
6736
7292
7313
7392
7777
7860
8007
8694
8732
8788
10278
10963
11594
11736
14054
14105
15356
15480
58
479
996
1015
1026
1382
1458
1546
1833
1852
1997
2102
2344
2426
2535
2832
2842
2911
2947
3140
4796
4864
5467
5528
5703
5967
6327
7056
7474
8127
8705
8806
9358
9680
9916
10967
11744
12157
12193
14180
14319
17653
208
241
424
830
982
1193
1496
1617
1838
2002
2192
2900
3506
3529
5007
5219
5411
5751
5906
6292
6907
7461
8137
8617
8742
8853
8931
10296
11710
13401
14140
14544
14846
15537
16468
283
576
1029
1069
1118
1203
1410
1586
2004
3063
3389
3485
3511
3524
3536
3971
4374
4377
4459
4522
4534
4835
4900
5052
5836
6641
6910
8361
8520
8543
8600
9285
9366
9377
9704
10242
11591
11621
12684
13054
15123
17206
26732
667
930
1532
1680
1992
2796
3023
3147
3324
3481
3702
3737
3894
4670
5056
5956
5976
6032
6057
6402
6540
6646
6774
6868
6965
7151
7308
8090
8126
8404
9088
9165
9206
10146
11045
11538
11687
11747
11859
12081
13206
13773
16768
20219
644
928
1070
1327
1894
2012
2177
3061
3577
3592
3656
4593
4712
4798
4986
5423
5650
5838
5957
6110
6332
6504
6531
7042
7094
7417
8443
8503
8691
8744
9386
9775
11053
12028
16258
20842
101
316
1028
1457
1861
2209
2331
2362
3024
4336
4676
5339
5529
5689
6532
6856
7059
7252
7483
7729
8721
8986
9198
11064
11705
14332
103
416
560
572
1039
1329
1336
1557
1603
1803
1931
2531
3081
3205
3406
3582
3796
3859
4128
4554
4680
5018
5752
6104
6473
6509
6637
6782
7258
8690
9615
10725
12475
12826
17736
20716
8
62
742
1128
1468
1737
2327
2572
2952
2962
3106
5450
5796
5876
5909
5966
6112
6670
6734
7253
7310
7428
7687
8445
8702
8817
8843
9209
9369
9603
9657
10206
10405
10673
11229
11461
12287
13491
14385
14395
16044
16119
22410
730
1012
2255
2797
2869
3502
3729
3866
3867
4605
6036
6330
6713
6825
6960
7260
7433
7730
7971
8719
8816
8965
10177
10581
11002
11612
11616
12962
13891
14111
18188
18252
20607
20714
42
69
165
1328
1467
1786
2068
2141
2225
2335
2490
2821
3065
3357
3364
3603
4494
4636
4861
6015
6020
6563
6821
8194
8205
8517
8703
8840
8935
8945
9064
9498
9530
10347
11039
11392
12653
13233
13391
18305
21407
21715
341
447
615
1165
2145
2152
2228
2537
3007
3027
3396
4392
4394
5075
5510
5837
6006
6294
6525
6810
7033
7122
7652
7763
8094
8225
8342
8466
8510
9389
9544
10982
11458
11632
11690
12461
12671
15065
16326
17043
20988
11
70
290
446
478
535
681
882
987
1110
1228
1547
1666
2595
2798
3076
3145
3291
3356
3632
3790
4752
5465
5606
5619
5958
6554
7194
7413
7501
7881
7990
8178
8325
9092
9276
10181
10653
10964
11405
11548
11993
12497
12779
14316
15251
16076
16936
17366
21396
23933
192
800
1443
1487
1713
2153
2191
2520
3476
3722
3745
3746
4107
4267
4399
4574
4800
4940
5214
5443
5527
6350
6638
6846
6926
7080
7778
7917
8430
8670
8785
8802
10169
10438
10509
10578
11232
11955
12272
14144
15345
15509
20887
583
600
602
629
843
977
1003
1084
1120
1121
1570
1590
1662
1949
1980
2074
2511
2648
2779
2982
3080
3742
3743
4320
4526
4606
4854
4887
5155
5306
5413
5601
5939
6467
6720
6773
6817
7295
7398
7796
8192
8234
8461
8715
8900
9277
10522
11162
11697
11742
12708
13074
13691
14033
21637
22205
24287
423
804
1013
1332
1398
1831
2110
2553
2922
2936
3497
3923
4627
4695
5068
6398
6419
6438
6461
6964
8281
8653
9734
11547
11797
13556
13951
18767
20190
21614
37
93
210
546
562
1437
1582
1967
2993
3412
3512
3528
3573
4498
4671
5762
5821
7637
7689
7742
7956
8141
8144
8256
8497
8745
8813
9003
9895
9998
10290
10712
11433
11561
11906
12154
12691
13426
14340
15156
16228
19290
20149
23691
523
1275
1349
1711
1902
1954
2009
2640
3062
3219
3471
3692
3761
3776
3826
4480
4492
4560
4822
5625
6584
6625
6697
6797
7476
7736
7802
7991
8450
8624
9356
10906
10924
11324
12351
13183
13309
13512
13736
14164
14714
15663
16300
16969
19471
19982
364
563
623
647
683
1103
1485
1615
1691
2010
2278
2527
2680
2893
3067
3096
3450
3469
3574
3775
3802
3932
3955
3964
4436
4709
4819
5021
5771
5835
5965
5990
6106
6209
6239
6274
6418
6484
6498
6655
6685
6792
7371
7402
8158
8180
8578
9289
9339
9625
9765
10043
10253
10262
10437
10640
11531
12270
12306
12340
12499
13492
14174
14328
15531
16921
16960
17193
18215
18964
21113
1
77
463
792
1301
1445
1446
1536
2150
2728
2930
2997
3221
3385
3464
4011
4012
4497
4965
5328
5750
5808
6464
6534
6662
6890
7220
7591
8143
8185
8396
8438
8910
8941
10376
10676
10954
11401
12153
12249
12378
13344
13986
14079
15426
15429
15676
16063
17503
22910
126
173
186
311
624
1000
1063
1791
1984
2086
2664
3001
3006
3888
3947
3980
4019
4533
4561
4865
5183
5516
5789
5812
5986
6053
7035
7488
7512
8187
8701
8708
8714
9240
9343
9372
9840
10211
10647
11088
11626
11717
11839
11909
12015
12470
12504
12558
12872
13214
13249
13307
13841
14760
17319
17853
18290
19463
19727
20089
21602
24802
388
425
511
643
850
1314
1896
1947
2119
2212
2290
2458
2477
2480
2921
3012
3218
3366
3484
4621
4703
5168
5737
5992
6125
6449
6490
6559
6671
6911
7057
7819
8357
8467
8547
8572
8805
8872
9777
9990
10373
10996
11620
11766
12187
12481
12613
12898
13161
13818
14329
14507
15514
17830
26361
395
532
626
662
1001
1004
1049
1344
1518
1688
2022
2090
2590
2780
3029
3223
3395
3520
3559
3689
4144
4354
5480
6417
6794
6853
6857
7007
7143
7630
7892
7930
8096
8147
8208
8230
8373
8447
8723
9616
9949
10031
10241
10286
10826
10904
10975
11584
12343
12413
12483
13060
13558
13639
13692
14670
15682
15780
15996
16194
17143
17173
17696
17821
20483
21773
40
570
694
1055
1090
1256
1633
2309
2347
2633
2658
2661
2846
3126
3210
3455
3771
3949
3998
5006
5893
5919
6102
6172
6406
6878
6887
7561
7770
8168
8217
8253
8511
8544
8663
8730
9047
9380
9556
9594
10299
10986
11587
12075
12428
12473
13215
13224
13727
14542
16074
16855
16871
16911
19128
19544
21443
21459
21846
30177
13
20
128
139
443
634
1058
1283
1356
1463
1519
1670
1724
1827
1855
2505
2521
2764
2840
2923
3490
3640
3779
4028
4456
4806
5064
5351
5555
6314
6486
6654
6667
6691
6759
6908
6924
6943
7200
7287
7596
7611
7756
8213
8406
8718
9032
9333
9600
9659
9763
10838
12682
12785
12914
13083
14326
15985
16052
16631
18262
18409
50
319
493
685
1101
1531
1733
2399
2607
2773
2805
2848
3022
3760
3763
4316
4330
4515
4618
4721
4747
4836
5198
5305
5734
6109
6175
6811
7111
7134
7204
7243
7598
7972
9589
10304
10508
10523
10658
10686
10902
11291
11661
11795
12348
12459
13554
14058
16474
17197
17814
18541
18844
19118
19395
20843
28327
24
190
524
587
759
1857
2021
2279
2570
2759
2914
3418
4049
4451
4520
4778
4860
5120
5190
5191
5197
5210
5230
5273
5535
5584
5665
5779
5830
6333
6897
7241
7301
7307
7382
7580
8602
8740
8755
8950
9097
9427
9516
9591
10063
10370
10386
10704
11009
11075
11080
11739
12274
12560
12798
12836
13310
13423
13718
13852
13885
14163
14373
14669
15925
17067
18784
20751
24561
26682
907
1073
1522
1996
2162
2217
3361
3458
3700
3724
3753
3781
4139
4328
6016
6047
6445
6681
7145
7849
8232
8422
8628
8664
8743
8778
8954
9478
9698
9727
9825
10316
10802
10882
11070
11583
11602
11878
11934
12066
12215
12447
13211
13568
13611
14118
15457
15875
15987
16303
18781
18873
19123
20549
924
947
1021
1023
1045
1551
1665
3056
3100
3133
3354
3460
3470
3580
3585
3810
3842
4039
5065
5109
5638
5798
5826
6412
6462
6520
6619
6645
6793
6966
7199
7966
8202
8874
9575
9644
9811
9914
10131
10281
10632
10799
11277
11876
12557
13108
13333
13425
15248
15450
15489
15610
15630
16436
17525
17855
18095
18148
19122
19409
20844
23944
24292
156
174
267
863
1386
1655
1704
1757
1923
2006
2007
2037
2518
3005
3069
3091
3363
3472
3911
4313
4324
4388
4797
5582
5604
6030
6203
6395
6463
6730
7060
7066
7114
7516
7521
7672
8270
8496
8632
8666
8733
8792
9381
9910
10032
10612
10692
11299
11318
11507
11543
11568
12191
12369
12408
12771
12772
13008
13096
13144
13421
14007
14318
15133
15148
15802
16070
16341
18846
19131
22717
24779
25261
30407
393
466
591
736
837
1270
1308
1453
1842
2013
2166
2221
2474
3055
3473
4592
4692
4782
5262
5494
5955
6369
6393
6423
6433
6946
6962
7231
7553
7690
7744
8782
9096
9379
9911
10317
10391
10786
10956
10988
11003
11421
11544
11663
11801
12276
12282
13220
13487
13560
14296
14480
14932
15508
15639
16673
17215
17219
19638
20136
22331
22485
22589
29956
197
914
1104
1175
1199
1273
1321
1523
1643
2181
2407
2519
2772
2809
2960
2976
3042
3071
3193
3315
3401
3936
3951
4000
4681
4719
4734
4922
5213
5458
5953
6048
6101
6207
6322
6441
6665
6710
6951
7102
7229
7489
7584
7607
8189
8440
8552
8779
8920
9131
9180
9308
9571
9793
9922
10228
10571
10931
10990
11350
11657
11704
11709
12232
12385
12585
12624
13073
13600
14030
14258
14703
14819
15229
15285
17169
21153
22390
25595
28910
4
573
680
1065
1080
1401
1673
1722
2222
2546
2813
2860
2889
3172
3247
3327
3420
3500
3791
3868
4678
4730
4853
4942
5201
5309
5482
5674
6017
6099
6410
6436
6444
6488
7526
7817
7935
8029
8061
8499
8812
8878
8929
8979
9202
9337
9443
9499
9715
9870
10468
10588
11106
11364
11554
11874
12254
12411
13792
14272
14428
14554
14756
15261
15428
16087
17794
18251
19095
19242
19722
19806
19910
24550
25512
7
31
113
114
705
966
1114
2014
2887
2959
2977
3044
3132
3489
3642
3762
3917
3935
3948
4425
4509
4521
4616
4742
5079
5157
5459
6071
6141
6221
6452
6456
6496
6757
7027
7030
7226
7472
8171
8453
8695
8814
9295
10582
10627
10656
10705
10962
10973
11383
11875
12190
12312
12669
14092
14710
16284
16858
17910
18169
19121
19124
19557
20254
20574
21261
21690
21853
21921
21947
22887
22990
25423
189
988
1037
1064
1071
1333
1342
1513
1849
1982
3059
3160
3662
3688
3882
3897
3933
3944
3985
4007
4021
4381
4948
5073
5121
5490
5659
5671
5784
5839
5844
5857
5900
6065
6263
6453
7088
7099
7297
7605
7749
7806
8034
8105
8252
8753
8773
8978
9396
9590
9978
10078
10283
10359
10540
10675
10715
10976
10989
11306
11469
11634
12063
12386
12467
12553
12673
12735
13103
13140
14251
14355
16643
16934
18946
19903
21449
22202
22906
23715
23979
24218
48
728
797
1105
1191
1210
1420
1998
2561
2763
2834
2939
2983
3161
3319
3530
3705
3945
4479
5074
5212
5248
6073
6138
6334
6636
6716
6798
6867
6896
6901
7048
7189
8174
8197
8235
8408
8516
8654
8831
8854
8925
9126
9157
9212
9488
10048
10261
10638
10949
11274
11521
11655
11750
11786
12320
12509
12651
13216
13490
13517
14209
14408
14476
14642
14773
14792
15117
15154
15594
15776
15959
15977
16101
16309
16386
18093
18109
18394
19214
19434
20036
21351
25480
32036
1182
1253
1258
1290
1396
1618
1710
1829
1875
1921
2678
2693
2991
3002
3028
3034
3143
4477
4495
4500
4613
4677
5409
5487
5533
6035
6050
6186
6549
6590
6609
6640
6831
7031
7074
7409
7459
7493
7684
7774
7827
7965
8019
8039
8082
8228
8942
9234
9334
9639
9862
10306
10972
10984
11272
11292
11340
11435
11557
11572
11916
12151
12813
12844
12930
13022
13162
13433
14028
14313
14975
15122
15160
15393
15411
15484
15878
16856
16861
17164
18317
18456
18774
18830
19368
19426
19843
20102
20903
21014
21345
22201
23137
24284
25401
27279
33035
16
111
140
551
725
840
1218
1461
1844
2229
2400
2406
2811
2928
3732
3803
3839
3967
4589
4763
4944
5185
5293
5417
5551
5593
5641
5677
5824
5846
5936
6039
6301
6307
6309
6733
7142
7176
7214
7454
7500
7504
7599
7789
7825
7939
8125
8131
8183
8559
8631
8660
8724
8809
8957
8976
9236
9316
9331
9619
9888
9917
10204
10231
10510
11085
11304
11609
11714
11881
11889
11996
12071
12349
12978
13023
13052
14049
14064
14102
15200
15964
16032
16178
16532
17223
18024
20273
20830
20882
21142
21418
21800
22016
22727
23662
25322
30180
30904
32905
182
234
363
589
653
669
714
779
1016
1119
1606
1689
1774
1866
2365
2378
2498
2838
3043
3117
3183
3196
3374
3714
3719
3768
3862
4309
4367
4570
5241
5462
5877
6031
6569
6634
6850
6898
7089
7237
7408
7527
7606
7666
7775
7883
8166
8426
8444
8675
9128
9192
9332
9362
10067
10085
10536
10595
10597
10619
10666
11268
11326
11627
11869
12246
12555
12697
13256
13285
13336
14062
14125
14264
14335
14560
15427
15464
15538
15768
15803
15819
16039
16206
16227
16929
17112
17710
17985
18859
19365
20840
23636
24261
25329
25660
28456
30169
40936
268
318
402
666
1007
1024
1124
1338
1676
2087
2201
2751
2866
3018
3115
3148
3167
3224
3240
3409
3504
3523
4359
4603
4608
4623
4653
4660
5483
5802
6105
6120
6253
6556
6623
6664
6923
6959
7484
7696
7767
7814
8150
8153
8677
8756
8847
9279
9307
9385
9705
9707
9816
9932
9945
9948
10225
10435
10513
11289
11514
11582
11633
11702
12344
12372
12680
12706
12716
12729
13218
13264
13679
13837
14161
14584
14715
14768
15071
15250
15336
15391
15482
15588
16287
16371
16415
16506
16810
16922
17679
18015
18783
19558
19706
21683
21695
23493
24226
24529
24895
25446
25643
25784
26352
31367
31821
33854
74
136
598
658
1038
1152
1346
1526
2657
2919
2958
3234
3704
4400
4576
4656
5163
5434
5676
5874
6025
6391
6442
6567
6672
6876
6935
6955
7020
8292
8402
8526
8539
8616
8796
8991
9266
9383
9388
9420
9475
9725
9736
9933
9936
10036
10038
10367
10500
10551
10614
10977
11643
11670
11692
11752
11764
12244
12741
12814
13051
13167
13280
13403
13414
13579
13765
14051
14141
14181
14255
14552
14944
15817
16025
16057
16382
16486
16773
16932
17002
17106
17118
17610
17616
17658
18073
18170
18171
19106
19280
19845
20451
21392
22006
22909
24609
24806
26601
27981
178
238
271
926
1097
1220
1304
1515
1533
1543
1721
2666
2826
2873
4010
4051
4145
4427
4484
4624
4731
4981
5067
5171
5463
5728
5945
5968
5983
6064
6107
6506
6723
7406
7443
7525
7738
7750
7842
7868
8134
8597
8803
8876
8932
9041
9177
9340
9608
9660
9779
9788
10002
10325
10524
10587
10605
10634
10635
10706
10784
10893
10978
11139
11355
11389
11459
11483
11680
11915
11937
12146
12221
12277
12358
12530
12550
13118
13626
14059
14478
14506
14667
14748
14909
15159
15265
15343
15390
15582
15585
15799
15932
16049
16173
16205
16654
16994
17516
17749
17891
18444
18653
18909
19200
19207
19402
19484
20156
20255
20923
21115
21696
21929
22346
23132
23316
24523
25316
26974
27104
28159
33781
37097
134
175
243
366
476
619
697
1154
1262
1353
1380
1391
1538
2056
2061
2112
2114
2282
2293
2313
2645
2659
2946
2972
3064
3104
3131
3487
3491
3514
3759
4035
4099
4360
4486
4585
4689
4920
4962
4966
5240
5747
5759
5871
6103
6189
6575
6595
6683
6742
7211
7378
7400
7450
7457
7985
8248
8257
8297
8401
8428
8449
8739
8815
8966
9055
9101
9341
9416
9721
9889
10149
10368
10519
10623
10681
11112
11400
11420
11512
11536
11537
11566
11629
11827
12117
12559
12704
13048
13346
13625
13662
13771
14031
14257
14291
14414
14732
14775
14952
15149
15597
15645
15680
15692
15794
16088
16393
16629
16883
16915
16951
17161
17205
17245
17315
17739
18026
18423
18673
18789
18982
19372
19815
20398
21525
22925
22972
23489
24421
25404
29128
317
371
458
580
789
945
1102
1537
1583
1604
1797
2421
2757
2812
2994
2999
3229
3590
3701
3829
4256
4366
4543
4584
4615
4683
4685
5229
5617
5673
5811
5823
6033
6130
6614
6624
6642
6687
6732
6937
6948
6953
7034
7107
7158
7242
7303
7427
7604
8063
8102
8258
8515
8518
8534
8707
8725
8737
8741
8889
9038
9133
9274
9496
9577
9645
9708
9830
9941
9972
10190
10477
10622
10662
10903
11006
11580
11691
11784
11935
12072
12115
12150
12156
12456
12913
12918
13007
13056
13120
13262
13284
13622
13722
14060
14106
14113
14139
14477
14616
14708
14838
14908
15053
15120
15157
15405
15622
15733
16046
16659
17250
18482
18615
19737
20404
20407
21139
21344
22204
22349
24911
25309
27831
29329
67
438
473
687
750
984
1654
1876
2248
2287
2419
2799
3082
3084
3101
3285
3287
3638
3786
3857
3900
3982
4559
4600
4654
5151
5756
5843
6328
6400
6430
6612
6762
6826
6852
7095
7278
7448
7502
7524
7533
7550
7856
8307
8385
8416
8484
8542
8700
8780
8810
8837
8908
9510
9522
9614
9801
9887
9927
10108
10863
10887
11257
11475
11481
11489
11649
11699
11785
12184
12353
12359
12655
12937
13357
13595
14005
14041
14096
14117
14707
15057
15072
15204
15316
15541
15679
15748
16080
16359
16493
17160
17162
17521
18111
18255
18599
18671
18905
19287
19308
19337
19374
19611
19699
19850
19863
20406
20456
21119
22352
22365
22383
22789
22829
23674
24769
24975
27675
28162
28761
34719
3
5
12
552
565
918
922
1005
1451
1591
2023
2420
2447
2738
2775
2788
2806
3155
3164
3179
3265
3665
3770
4004
4342
4679
4828
4902
5188
5265
5327
5486
5520
5609
5764
5820
5861
5994
6069
6389
6429
6760
6932
7322
7354
7359
7497
7572
7685
7898
7932
8122
8152
8249
8309
8417
8435
8462
8502
8793
8983
9246
9363
9384
9415
9723
9939
10318
10362
10383
10543
10740
10763
11071
11164
11177
11273
11353
11384
11391
11408
11552
11614
11636
11638
11882
11924
11926
12030
12155
12222
12223
12816
12984
13109
13292
13756
14034
14037
14157
14268
14741
14801
14876
14995
15376
15533
15796
15844
15988
16098
16762
16927
16942
16955
17013
17021
17246
17605
17752
18082
18141
18259
18265
18665
19743
19855
20744
20827
21678
21688
21781
21814
21856
21939
22067
22310
24229
24364
24563
24892
25591
25628
25686
25935
26024
30184
75
170
179
255
305
536
595
822
986
1011
1072
1295
1379
1488
1705
1707
1991
2072
2574
2875
2910
3031
3128
3323
3831
3884
4009
4319
4505
4545
4558
4578
4780
4972
5028
5208
5244
5284
5352
5749
6148
6297
6308
6381
6404
6447
6626
6679
6912
7288
7415
7439
7465
7515
8545
8621
8728
8794
8808
8906
8937
9195
9228
9280
9368
9877
10027
10697
11363
11387
11535
11593
11740
11845
11856
11990
12043
12129
12143
12216
12307
13039
13072
13099
13149
13311
13385
13412
13451
13732
13919
13997
14159
14165
14271
14294
14351
14412
14479
14583
14736
14795
14955
14972
15452
15634
15675
15854
15861
16062
16078
16836
16910
17328
17382
17672
17782
17817
18059
18773
18776
18813
19132
19547
19991
20244
21305
22777
22842
22890
22900
23117
23832
23934
25782
26637
27131
27948
27996
29301
29442
32306
32980
350
435
645
668
968
1192
1351
1850
1862
1953
2438
2564
2785
2862
2915
2942
2967
3070
3098
3141
3168
3188
3542
4002
4550
4575
4701
4831
4931
4989
5123
5532
5569
5633
5980
6068
6145
6173
6254
6255
6354
6360
6435
6558
6628
6764
7104
7248
7399
7469
7800
7950
8018
8104
8181
8201
8319
8399
8550
8575
8656
8699
8797
8849
8885
9181
9287
9301
9554
9631
9738
9900
9977
10101
10130
10198
10214
10327
10504
10999
11128
11486
11581
11664
11905
11946
12002
12197
12248
12288
12328
12526
12552
12556
12589
12865
13179
13213
13348
13365
13431
13477
13502
13505
13508
13752
14012
15003
15005
15143
15368
15513
15735
16356
16582
16923
17086
17167
17323
17654
17822
17869
18321
18490
18723
18912
19071
19341
19592
19878
20004
20159
20956
21100
22073
22126
22552
23005
23432
23476
23666
24245
24797
25214
25768
25901
26970
27320
27952
28228
28269
30175
31672
32072
32864
34681
36133
65
207
240
365
641
688
768
1137
1325
1409
1514
1620
1677
1714
1746
1888
2024
2164
2252
2514
2651
2655
2810
2927
3057
3216
3372
3558
3752
3950
4013
4034
4421
4564
4619
4629
4649
5343
5393
5725
5952
5970
6061
6337
6470
6635
6722
6906
7011
7079
7384
7505
7529
7745
7797
7887
8092
8221
8564
8679
8682
8736
8891
9324
9584
9820
9827
10045
10050
10053
10246
10275
10335
10511
10781
10820
10825
10909
10930
11217
11395
11397
11413
11416
11462
11488
11608
11942
11980
12335
12479
12617
12809
12925
13208
13273
13334
13420
13594
13659
13720
14022
14087
14100
14130
14317
14399
14717
15077
15185
15202
15330
15473
15617
15714
16060
16290
16352
16860
16920
16959
17171
17801
17844
18316
18940
19129
19240
19269
19382
19464
19610
19631
19713
20096
20441
20616
20656
20889
21111
21509
21848
22008
22380
22446
22767
22985
22993
23004
23497
23919
24594
25585
27102
28014
28757
33552
154
348
369
434
440
564
655
886
1022
1061
1307
1324
1738
1881
2156
2386
2646
2774
2863
2879
2916
3159
3686
3939
4401
4496
4581
4583
4612
4767
5350
5522
6003
6251
6269
6366
6385
6579
6740
7006
7109
7179
7463
7475
7728
7740
7741
7829
7857
7866
7929
8179
8353
8452
8898
9013
9115
9436
9531
9546
9642
9646
9814
10213
10287
10621
10741
10945
11160
11266
11555
11619
11787
11821
11833
11897
12093
12707
12712
12933
13014
13061
13080
13340
13367
13506
13514
14104
14624
14702
15076
15145
15231
15311
15388
15686
15707
15766
15972
16094
16338
16520
16529
16744
16767
16938
17025
17166
17180
17500
17527
17893
18232
18277
18464
18967
19125
19219
19889
19953
20125
20168
20370
20449
20766
21078
21080
21092
21093
21271
21361
21463
21616
21629
21737
21757
21906
21932
21937
21952
22078
22190
22211
22280
22904
23113
23266
23970
24442
24542
25230
27173
27321
28361
28609
28622
30183
31147
31668
31916
33014
33260
33410
33708
35142
35974
36793
9
503
983
1054
1143
1668
1685
1824
1955
1985
1986
2062
2107
2603
2802
2854
2881
3039
3109
3233
3238
3339
3355
3439
4339
4563
4754
5125
5196
5257
5264
5294
5525
5829
5849
5944
6394
6561
6589
6771
6843
7138
7286
7289
7506
7656
8098
8138
8140
8268
8278
8336
8427
8441
8525
8727
8777
8830
8870
9211
9296
9305
9350
9513
9550
9569
9678
9717
9807
9869
9926
10340
10479
10501
10517
10601
10694
10710
10778
10837
10907
11105
11114
11126
11173
11356
11524
11600
11896
12086
12265
12352
12371
12394
12543
12678
12786
12791
12818
13089
13207
13636
13777
13915
14114
14156
14341
14475
15068
15080
15121
15161
15233
15289
15760
15958
16053
16358
16634
17192
18022
18098
18426
18443
18486
19336
19482
19823
20079
20080
20160
20166
20492
20615
21430
21511
21772
21843
21960
21964
21978
22069
22079
22192
22215
22345
22388
22468
22536
22975
23085
23429
23467
23732
23825
24138
25323
25443
26252
26528
27056
27226
28822
29915
33325
33819
34099
36323
236
304
593
780
929
1057
1224
1288
1345
1528
1558
1610
1627
1678
1900
1927
1928
1975
2169
2172
2196
2242
2540
2691
2705
2917
2926
2935
2964
2995
3053
3130
3276
3639
3987
4365
4567
4718
4818
4939
5376
5431
5517
5523
5642
5748
5788
5822
6448
6517
6605
6647
6676
6768
6864
6915
6922
7012
7090
7127
7275
7466
7543
7786
8091
8106
8161
8163
8324
8472
8489
8583
8588
8638
8752
8781
8850
9033
9223
9357
9422
9485
9494
9509
9511
9545
9628
9729
9805
10208
10227
10240
10433
10514
10613
10618
10637
10654
10824
11120
11166
11444
11510
11550
11589
11599
11667
11713
11733
11866
11919
11922
11950
12289
12631
13011
13058
13145
13153
13156
13291
13296
13392
13537
13649
14085
14099
14110
14143
14270
14295
14400
14409
14503
14608
14652
14672
14821
14870
14935
14956
15400
15584
15731
15967
16266
16571
16853
16882
17123
17797
17807
17825
18087
18497
18606
18762
18985
18993
19019
19549
19707
19813
20012
20147
20217
20339
20368
20400
21109
21143
21399
21414
21604
21686
22045
22230
22463
22484
22497
22502
22687
22943
23115
23450
24447
24463
24497
24676
24799
25065
25317
25780
26117
26122
26222
26242
26299
26536
26556
26662
26913
27884
28607
28791
29116
29948
30298
30565
31121
33490
36286
36442
36805
38853
39616
538
665
788
1044
1159
1242
1440
1819
1903
1948
2138
2388
2404
2523
2760
2816
2829
2831
2841
2847
2940
3040
3075
3093
3225
3634
3710
3736
3827
3992
4298
4325
4389
4633
4759
4805
4943
4954
4969
5164
5193
5373
5420
6257
6548
6552
6613
6688
6783
6875
7735
7891
8085
8095
8108
8314
8364
8442
8508
8548
8551
8574
8731
8818
8834
8947
8961
8996
9005
9190
9281
9505
10056
10073
10100
10150
10175
10244
10366
10453
10579
10736
10892
11015
11130
11399
11422
11607
11716
11751
11913
11962
12013
12076
12185
12342
12491
12561
12583
12679
12776
12788
12888
12890
13259
13275
13633
13781
13798
13878
14026
14151
14404
14695
14767
14926
14962
15196
15257
15259
15487
15611
15640
15765
16072
16095
16483
16522
16825
16896
16906
16954
16968
16981
17044
17049
17635
17650
17734
18164
18184
18670
18969
18998
19119
19397
19451
19480
20681
20752
21116
21584
21916
21938
21949
22048
22195
22222
22466
23252
23414
24025
24354
24551
24610
24795
25314
25320
25674
25758
26172
26303
26371
26605
26780
27763
28427
30482
30542
31262
32860
33034
35269
40475
44906
55
148
221
392
441
504
530
553
606
940
1115
1299
1530
1623
1745
1889
2193
2391
2394
2510
2609
2652
2695
2870
2882
3000
3586
3669
3807
3833
4181
4355
4472
4475
4535
4631
4751
4757
4764
4955
5016
5088
5119
5195
5381
5383
5580
5598
5786
5931
5964
6063
6100
6111
6262
6264
6280
6591
6622
6633
6815
6914
7005
7146
7257
7423
7603
7739
7847
7957
8167
8196
8321
8323
8347
8366
8456
8645
8649
8659
8684
8722
8726
8804
8999
9083
9135
9370
9387
9391
9401
9449
9792
9804
9886
10035
10174
10216
10239
10616
10633
10764
10830
10841
10915
11062
11270
11298
11409
11411
11571
11623
11672
11703
11948
12065
12079
12196
12206
12365
12398
12400
12404
12468
12554
12632
12870
13050
13138
13165
13341
13758
13931
14009
14179
14256
14454
15226
15396
15499
15596
15744
15846
16015
16294
16394
16411
16466
16509
16524
16580
16592
16607
16756
16797
16956
17014
17239
17257
17276
17491
17740
17762
18213
18247
18658
19127
19432
19817
19819
19922
19980
20211
20236
20481
20839
20977
21321
21425
21437
21467
21473
21689
21763
21927
21930
21955
21957
22007
22050
22142
22959
23058
23139
23202
23256
23604
23887
23912
24486
24487
24863
24933
25495
25521
25560
25589
25799
25913
26634
27373
27542
27809
27821
27846
28093
28359
28697
28964
29091
29142
29431
30226
30572
30638
31183
31649
32010
32187
32266
32534
32907
33190
34422
37444
38727
43949
76
85
256
515
1116
1130
1157
1400
1404
1728
1869
1878
1895
1973
2016
2063
2276
2605
2627
2723
2924
2961
3249
3279
3387
3451
3681
4018
4086
4426
4434
4485
4489
4531
4771
4775
5146
5231
5235
5379
5512
5645
5879
6028
6196
6265
6341
6390
6397
6483
6756
7068
7120
7132
7135
7233
7468
7518
7549
7659
7737
7828
7934
7962
8405
8582
8686
8901
8997
9091
9273
9612
9637
9783
9789
9803
9826
9912
9991
10098
10243
10257
10295
10315
10457
10611
10626
10644
10649
10655
10657
10714
10772
10795
11212
11275
11336
11398
11562
11618
11671
11769
11907
11939
12012
12148
12152
12334
12346
12362
12380
12486
12498
12549
12580
12611
12654
12810
12839
12922
12972
13092
13257
13277
13624
13638
13690
13700
14185
14254
14283
14766
14845
14977
15124
15126
15146
15551
15595
15666
15671
15798
15869
16086
16090
16211
16360
16497
16742
17022
17266
17272
17405
17523
17646
17747
17802
17841
17864
18038
18286
18323
18442
18508
18628
18787
18874
19067
19247
19947
20005
20092
20123
20284
20401
20510
20617
20980
21010
21349
21362
21818
22278
22545
22833
22997
23270
23337
23362
23651
23984
24253
24280
24422
24678
25419
25514
25593
26077
26332
26507
26664
26789
26976
27733
27844
28739
28952
29296
30018
30170
30747
31622
31958
31959
32728
33589
34685
34937
35276
37306
38010
41769
187
198
264
331
436
445
561
829
991
999
1008
1280
1494
1539
1907
1956
2140
2316
2687
2770
2853
2895
2937
3046
3114
3397
3410
3463
3595
3599
3654
3766
3876
4275
4682
4880
4911
5243
5276
5763
5815
5896
6005
6134
6140
6248
6319
6468
6489
6521
6905
7093
7201
7249
7279
7640
7715
7780
7928
8016
8051
8460
8687
8846
8869
8943
8989
9125
9214
9216
9239
9257
9283
9288
9309
9336
9424
9504
9512
9581
9595
9653
9702
9780
9799
9812
9874
10093
10107
10264
10276
10660
10797
10889
11008
11267
11344
11360
11403
11625
11732
11741
11837
11894
12040
12452
12507
12565
12616
12773
12811
12924
12929
13069
13102
13389
13443
13733
13745
13808
13836
13877
14081
14115
14675
14730
14873
14927
15206
15220
15247
15580
15586
15589
15602
15609
15637
15667
15843
15874
16013
16181
16361
16364
16384
16574
16640
16649
16668
16771
17135
17531
17609
17737
18066
18128
18921
19408
19425
19427
20082
20143
20250
20275
20402
20775
20823
20834
20890
20951
21005
21108
21180
21693
21711
21777
21980
21999
22000
22107
22496
22527
22908
23193
23419
23485
23659
23790
23929
24206
24790
24896
25030
25534
25709
25776
25950
26032
26254
26331
27912
28257
28318
28428
28475
28519
28665
28700
28778
29166
29457
29770
30341
30722
30996
31271
31876
32080
33139
33145
33355
33805
35671
35714
36048
36588
37257
38782
40823
41092
41451
43424
47181
47680
48257
232
314
437
460
496
709
1085
1099
1170
1441
1596
1741
1748
1974
2018
2127
2392
2405
2534
2692
2745
2865
2920
2973
3204
3207
3232
3376
3695
3820
4416
4417
4419
4555
4580
4707
4727
4889
5001
5025
5300
5324
5367
5382
5437
5445
6038
6062
6127
6147
6252
6296
6343
6383
6586
6690
6741
6829
7078
7131
7190
7367
7473
7479
7486
7491
7695
7700
7703
7925
8227
8275
8495
8521
8532
8540
8783
9130
9231
9349
9434
9476
9570
9601
9786
9819
9901
9943
9975
10247
10274
10280
10424
10448
10505
10518
10834
10886
11423
11424
11479
11519
11590
11606
11676
11708
11770
11775
12132
12199
12201
12233
12304
12379
12738
12846
12901
13071
13126
13127
13150
13159
13358
13377
13802
14044
14200
14320
14321
14324
14372
14494
14680
14699
14713
14742
14747
14793
14854
14879
15011
15036
15218
15318
15592
15909
15949
16066
16082
16124
16199
16221
16399
16536
16559
16593
17136
17263
17310
17331
17344
17659
17728
18062
18091
18132
18168
18270
18396
18421
18499
18618
18840
19034
19040
19161
19181
19184
19296
19302
19356
19412
19468
19596
19698
19723
19794
19814
19911
19984
20013
20015
20103
20171
20189
20258
20539
20647
20742
20874
20892
21126
21154
21442
21507
21521
21530
21618
21755
22203
22276
22312
22393
22398
22725
22903
22937
23088
23114
23408
23415
23532
23657
23743
23765
24249
24332
24363
24399
24515
24524
24613
24716
24805
24936
25080
25238
25296
25380
25452
25455
25520
25953
25957
25959
26115
26341
26964
27121
27156
27820
28167
28220
28481
28646
28919
29318
30171
30712
30950
31022
31035
31070
31179
31446
31531
32074
32107
32417
