163
547
1635
465
100
795
420
2030
975
383
91
144
933
1447
796
96
1300
209
1929
1709
1394
1925
949
1598
500
776
1319
376
1082
1257
411
489
86
4450
362
123
1981
3706
2712
1354
5623
689
2333
92
509
811
1480
115
2124
107
761
1459
648
2319
63
1298
2163
1883
145
778
135
865
5534
41
453
3405
3721
3283
1706
104
1163
2494
3262
6673
1825
1646
1911
807
1466
1971
334
343
1559
5716
3962
775
4849
1836
1196
1041
5507
110
716
1302
1599
1809
3972
957
2473
410
2000
2497
51
707
2066
1629
2761
3278
786
5435
828
1622
5881
6316
772
946
1482
3352
1830
1078
2083
2469
3921
1237
1330
518
4848
81
1066
4873
998
1335
3937
845
1286
3286
3870
4793
868
659
374
1040
2632
2478
4473
3553
2427
5054
1418
4428
1172
937
6181
263
4905
994
1784
936
2206
673
2525
817
875
1229
1555
3896
1934
1293
3360
869
1693
6639
3576
4844
4866
1318
117
769
2168
3608
2463
3841
5856
723
3720
3282
5053
399
6652
137
155
2015
584
5040
455
6116
6299
1373
2471
2232
5044
266
773
794
8107
902
2642
959
1626
1277
1589
2522
4855
269
1651
3845
870
2058
2330
4017
6041
1145
5878
5452
7137
1424
1594
1476
636
1260
815
33
3970
4925
387
1046
370
2683
4809
7117
2677
1877
82
1227
1858
5536
487
953
2644
3614
621
767
1885
2413
4412
4927
2460
9210
3898
7128
801
5071
942
2464
6731
604
1600
3880
6929
1750
2367
4362
4739
2351
5694
915
1785
1957
2098
5539
6326
381
934
1169
3797
6663
1285
1703
2359
8455
6011
3545
3965
5997
6481
1773
686
7268
30
866
1241
7377
958
2194
4045
4882
510
908
1465
1908
1950
2256
6493
2743
46
3892
5178
5646
6079
6950
805
1036
2492
3928
3941
1093
88
2266
2488
2591
3531
4840
990
3217
147
258
4368
502
1179
3369
5122
394
1541
3293
3422
4422
382
2001
218
380
955
1160
2975
3199
5873
3929
5715
7036
625
1812
2144
5854
132
1340
5661
202
1312
6409
57
2143
5097
5545
5917
414
1460
2045
1284
6879
7356
951
904
2730
3747
280
157
5048
826
1341
2577
4470
300
1793
1993
3666
3910
4811
1964
5603
651
1504
1735
5809
5223
6727
13678
755
785
1469
2524
3236
3907
5105
1247
3038
614
1495
1734
1215
3112
52
833
2843
6984
506
819
6813
272
176
997
2069
2235
2481
3958
4353
726
734
943
1486
3952
183
831
1755
4031
412
5387
7975
1879
3707
4975
200
5466
295
3579
6518
430
1079
7420
12674
737
3423
7706
10210
3153
3310
4482
5043
403
692
1660
2314
3367
7438
832
1088
1235
1375
1576
2753
7236
141
171
813
1763
2134
2783
1109
1408
3916
5761
6067
6122
7395
7705
246
5360
731
1612
1910
2260
3708
5866
6682
160
378
1230
1399
1527
1641
3953
6178
7967
3650
6958
7766
11388
94
608
2077
2188
3869
3940
4311
6312
406
2185
4503
72
3373
4878
1999
7993
3138
4329
569
3636
130
823
2154
3474
3974
4130
6037
820
1990
3073
3466
213
2833
205
944
1320
1932
2324
3919
6018
7108
7509
250
849
3715
4979
1238
4322
4856
5753
7294
2254
3337
4109
7264
377
910
3668
214
1872
3895
3912
4995
5530
5618
7148
8369
783
847
1339
3727
3774
4967
7153
99
793
2182
2432
3881
4467
4549
451
617
1702
2270
4448
2747
5489
6218
545
630
1642
2970
3918
4323
4546
6555
525
640
2446
5099
6809
7424
7959
1597
2268
398
1077
2159
2530
3083
3906
4857
507
571
765
981
1657
3750
5199
6427
612
616
664
1282
1491
1863
2031
4974
5546
6601
1234
3094
3237
4447
4488
4493
5760
8057
3197
5464
28
2003
2017
2224
2872
4601
4885
5042
6060
6288
188
193
391
508
3408
5259
6816
722
1074
2425
8424
332
4014
2300
3521
3535
3792
1384
6460
6706
1439
2241
2804
3547
7171
60
299
390
883
2047
2067
2435
5472
1204
1987
2476
2989
3461
3628
8751
10463
1162
1456
1509
7239
7432
8266
143
292
798
821
912
1326
1625
1994
3711
3800
4725
5169
9344
12893
1020
1187
1696
2135
2516
2782
3399
3734
4440
4502
6891
7997
8318
13084
1098
1448
3066
4544
5634
6012
8763
8784
1569
1561
2187
4465
809
1146
1801
4548
4867
5181
5657
6133
6310
6649
194
771
2197
2532
5886
8041
2203
2500
3375
5167
5436
6661
7049
10323
939
995
1161
1821
2071
2146
2393
2718
3498
3773
3865
4524
5224
6686
7773
7820
172
308
322
872
1033
2345
2851
3318
3517
6289
6290
7254
9691
11891
462
1357
3875
5745
5800
6191
6276
6315
757
1268
1814
2093
4032
5519
6086
6487
159
260
3416
1207
2423
7662
342
3449
5668
5842
8414
10803
1125
3480
10328
721
738
746
806
1287
1348
1366
6114
9111
11984
512
762
1009
1053
1764
2662
2756
3072
3655
3883
4863
10512
361
756
941
1690
2126
2299
2614
3507
3601
3635
5046
5089
5187
5476
5858
8716
405
672
1108
1426
2180
2403
2452
2579
3413
3486
3874
3905
3978
4471
5041
5605
5935
5959
6830
397
519
693
911
1450
1639
4240
4781
1249
1815
3454
3806
3969
5050
7381
812
1051
1142
1753
1919
4799
5176
8423
10738
98
288
777
841
1658
2504
2647
2649
3400
4985
5629
5937
6892
9027
9593
12383
12855
1167
2200
2807
3280
3648
5055
5406
5742
6721
7456
491
691
803
980
1002
1347
1571
1740
5632
6293
7061
9197
11013
422
1455
1470
1669
1708
1893
2901
2905
3383
3492
3751
3767
4398
5085
5094
5261
2486
3305
5388
7768
71
161
1205
2234
3479
3696
4698
8696
9095
677
853
1087
2898
3499
4387
4569
5356
6458
8156
8563
8668
8697
9364
330
408
747
835
935
1190
2880
3317
3475
3478
3575
3818
3885
3922
4379
5059
5479
5693
5923
6405
7943
533
814
1010
1019
1158
1820
1942
2272
3074
3777
4870
5859
6693
14654
121
827
1035
1219
1442
1577
1679
1823
1884
2918
3733
3871
4604
335
2148
6684
7759
8858
1107
2271
2487
3613
3840
5622
5709
7539
7761
9821
245
1715
1805
2139
2456
3187
5096
6056
8375
8420
8767
11513
229
774
1018
1478
1479
1822
1835
3960
5072
5135
5263
5963
8867
9867
594
1624
1687
1799
1873
2980
3741
6055
6823
6956
8579
10205
14856
152
274
386
481
719
808
1261
1573
1795
1818
3731
5353
5502
6026
6899
7106
8097
452
578
810
1032
1370
6151
1267
3020
3386
3938
10520
10664
13250
16083
336
1141
1826
1901
2088
3780
5057
5628
6329
7583
10732
10939
703
1056
1156
2019
2397
2984
3555
3723
3887
4207
4376
4595
4923
5538
5733
5743
6043
6550
529
836
1239
1276
1659
2267
3379
3738
3886
3903
4393
4625
5885
6767
7363
7425
8595
11111
11508
191
751
874
1006
1068
1236
1264
1414
1588
2046
2697
2792
3526
3532
4620
4858
7726
6085
6632
6925
7092
9022
13045
696
892
1188
3612
3652
4552
4973
5023
5776
5778
5783
6014
6571
6893
7514
8676
196
339
409
1412
2257
2370
2528
2606
3166
3744
3926
5663
5687
7121
10591
12239
27
846
1076
2245
3398
3503
3934
4487
6888
7039
7047
8436
8584
11208
11826
14549
164
682
732
917
1266
1433
1692
2281
2468
2981
3203
3226
3407
3578
3946
4352
4996
6094
6753
7597
373
4474
9452
129
764
956
1106
1462
2784
3404
3519
3749
5186
5594
6675
7772
11045
11265
11893
12711
22
404
856
931
1870
2008
3242
3525
3740
3765
3927
4348
4609
5254
6744
7830
8933
10266
105
514
635
1014
1095
1100
1213
1390
1484
1492
1637
1712
1761
1853
1936
2303
2624
3284
3300
4899
5987
6335
7532
7534
8190
8535
10700
13123
95
385
638
676
985
1832
2043
2729
4504
5717
6066
9952
20842
522
5531
5616
5700
5833
6304
7799
8811
8948
10940
125
427
660
1263
2515
3838
3878
4364
4673
5610
5883
6104
7901
8155
8738
10527
11121
12253
729
1122
1198
1806
2151
2198
2338
3030
3801
3915
3920
4814
5018
5765
5853
7859
8070
8681
8764
8951
9294
12127
12477
12658
720
733
1225
1317
1498
1765
2158
2170
2422
2933
3208
3359
3516
3527
3557
3989
4607
4711
5473
6362
6812
6845
7040
13401
262
345
1352
2184
2858
3735
5412
6052
6913
9828
14274
432
782
844
993
1042
1350
1405
1760
2280
2800
3108
3421
4350
4529
5253
5813
6522
6630
11859
13627
607
1075
1289
1337
1454
1653
3090
3493
3764
4792
5124
5544
5863
5865
6057
6124
6408
7299
8050
12157
13088
13794
265
711
1211
1423
1425
1474
2186
2323
2543
2699
3060
3089
3518
3728
3739
3873
4743
6059
6200
7411
8182
15039
527
1323
1838
4539
4984
5098
5506
6229
6653
7313
9100
9500
9670
10515
11290
11760
499
657
1067
1203
1487
1579
1621
2341
2720
2952
4291
4598
4765
4884
5869
6317
6607
6666
6711
8109
8775
9696
10911
11744
12501
13785
14540
16576
766
996
1092
1392
1452
1520
1796
1813
1904
2096
2240
2362
2475
2597
3086
3163
3268
3270
3459
3468
3505
3647
4594
4871
4980
5086
5104
6045
6465
6795
6838
7139
7461
7660
10044
649
1652
4314
5855
6162
7464
8396
8577
13293
17647
505
1047
1081
1232
1593
1595
2216
3110
3185
3889
4023
4568
4657
4761
4886
4978
5405
6967
7234
7746
7821
8218
8748
9230
10757
11004
11082
12193
454
1532
1800
2004
2102
2189
2247
2332
3111
3157
3477
3588
3783
3902
3994
4369
4534
4802
4869
5433
5654
5731
5828
6040
6113
6432
6446
7810
9944
446
1868
2157
3381
3515
5950
6008
6495
7304
7623
8142
8256
8322
18964
20149
11
646
741
1909
2103
2794
3077
3298
3435
3482
3522
3821
3901
4527
4668
5126
5207
5252
5471
5573
7053
7091
7669
7674
7977
8090
9433
9840
10944
13117
14343
16012
418
521
753
1499
1997
2208
2213
2218
2484
2616
2617
2762
3201
3294
3462
3785
4046
4510
4735
5058
5061
6198
6434
7460
7752
7954
8533
8589
13183
15123
15260
15537
19544
162
556
824
1113
1592
1828
2258
3147
3609
4577
5280
6327
6461
6467
6509
6657
6791
6963
9254
10139
11053
11579
11628
12863
15395
526
1458
1584
1852
3051
3088
3467
4003
4491
4862
5686
5767
5852
5969
6437
6588
7025
7151
7208
7260
8215
8361
9358
9895
11610
12154
12227
12251
14097
15945
16666
18305
77
610
787
916
1026
1043
1096
1395
1648
1807
1969
2026
2867
2913
3050
3717
5831
6443
6704
7002
8165
10653
158
560
760
2190
2491
2541
2787
3572
3592
3730
4048
4490
5003
5834
6282
6283
6294
6424
6540
7118
7483
7538
8220
8345
8765
8833
8868
8945
9276
10049
10278
10725
14846
592
781
1374
1457
2020
2147
2149
2167
2790
3389
3533
3748
3909
4105
4336
4572
4808
5070
5238
5361
5973
6188
6402
6578
6627
6669
6787
8184
8762
8859
9585
10503
10522
11041
13308
14109
15457
241
311
1050
1331
2110
2335
2340
2610
4468
9193
12485
14385
15127
15284
19128
102
151
548
627
744
784
906
1194
1905
2482
2796
2888
2978
3356
3456
3509
3577
3582
3799
4374
4466
4593
5062
5066
5718
5766
5780
5909
5988
6021
6054
6102
6117
6270
6449
7126
7369
9203
9493
9775
10251
10731
12826
14709
185
695
752
987
1015
1481
1892
2161
2467
2930
3218
3573
3603
5183
5469
5967
6459
6644
7191
8127
8485
8642
11545
13036
13054
14342
17201
192
447
1382
1402
1816
1842
3124
3149
3494
3513
3795
3811
3826
3866
3891
4016
4582
4928
4938
5168
5363
5474
5505
5601
5723
5836
6020
6754
7057
8225
8488
8680
9047
9282
12345
15531
16855
58
791
839
930
1003
1274
1483
1548
1894
1943
1983
2073
2411
3106
3219
3382
3411
3508
3726
3879
3956
4498
4965
5148
5625
6371
6668
7235
7652
7764
7971
12428
26682
611
663
1028
1754
1786
2755
5021
5305
5457
5814
6231
6729
7687
7860
8325
8517
9444
9574
12483
15708
17043
17173
20607
25261
30177
341
479
513
576
743
838
1165
1445
1564
1833
2344
2966
3003
3049
3321
3412
4026
4709
5444
5631
5675
5860
6118
6463
6820
6872
6903
8253
8774
8806
8813
8817
9369
10636
10968
11084
11229
11705
12028
13233
14079
14332
15480
16468
93
1398
1681
1737
1749
2177
2786
2900
2934
3025
3754
3859
4012
4313
4536
5425
5515
5681
5699
5790
6398
6473
6719
7021
7113
7540
8147
8418
8466
8655
9096
9377
9530
11324
11401
12263
17426
18892
21775
396
656
684
1070
1118
1410
1688
1699
1782
2002
2192
2572
3378
3716
3737
3742
3963
4554
4571
4712
4819
4836
4940
4986
5060
5082
5227
5465
5491
5794
5840
6462
6504
7881
8415
8520
9498
10373
10438
12373
12914
13491
15138
19118
20574
20843
21396
122
128
631
1475
1616
2183
2191
2825
3119
3444
3534
3637
3789
4320
5047
5052
5339
5658
6138
6141
6445
6658
6947
7051
7087
7129
7245
7250
7292
7418
7476
7736
8281
8651
8843
9316
9386
9499
9544
9882
10206
10263
10405
10802
10924
11433
11544
12653
14111
14180
15797
19123
20219
20751
7
120
223
400
562
790
816
982
1069
1084
1147
1228
2779
2874
3024
3256
3693
3980
4007
4499
5306
5792
6076
6172
6563
6782
7405
7930
8277
8461
8950
9206
9990
10054
11405
11620
11710
12898
13249
14258
16960
22717
42
360
739
748
977
1055
1110
1155
1199
1336
1420
1437
1711
1724
1811
1867
1984
2225
2401
2608
2908
2922
2947
3496
3632
3872
4028
4377
4476
4596
4752
5056
5245
5588
5797
5804
5868
5893
5922
5957
5966
5990
6438
6547
7536
7965
8144
8235
9658
9888
11002
11742
12798
12814
13161
13891
14054
14373
14760
15776
124
165
211
243
283
754
850
1327
1468
2009
2090
2145
2640
2887
3156
3324
3342
3697
3787
4526
4976
5197
5209
5386
5467
5494
5948
6106
6650
6824
6846
6877
7082
7763
7789
7793
7914
8293
8692
9327
9373
9396
9704
9811
10676
10826
11380
11542
11561
11660
11690
11801
13144
18873
19131
19557
20988
21921
493
1064
1518
1519
1590
1871
2012
2217
2658
2693
2817
2979
3476
3677
3700
3790
3908
4492
4748
4864
4968
5045
5251
5600
5830
6019
6036
6717
6902
6965
7007
7433
7573
7935
8373
8443
8445
8450
8617
9285
9680
11162
11392
11458
11688
13885
13986
14171
14174
14714
15133
15450
15676
20844
26732
8
37
294
364
424
555
572
701
1058
1090
1517
1522
1531
1617
1902
1954
2068
2178
3364
3366
4019
4267
4399
5219
5256
5793
5954
6016
6346
6735
7030
7111
7149
7637
8232
8412
8790
10220
10627
10955
11070
11575
11959
12151
13736
14560
16856
629
1128
1401
1546
1855
2141
2309
2511
2607
2869
2886
3015
3065
3380
3406
3481
3502
3511
3524
3574
3593
3670
3709
3796
3995
4021
4456
4459
4566
4605
4721
4734
4942
5413
5423
5514
5524
5572
6295
6345
6358
6392
6417
6498
7474
7777
8430
8440
8507
8572
8712
9088
9916
10242
10477
10581
11383
12187
12560
13073
13492
13773
14161
16300
20089
21014
24769
139
316
477
511
523
1000
1073
1259
1275
1496
1536
1574
1896
2661
2728
2850
2912
3221
3314
3329
3385
3458
3594
3961
3998
4328
4522
4561
4680
5108
5200
5537
5939
6406
6419
6659
6862
6868
6871
6886
6908
6960
7074
7194
7287
7310
7398
7694
7956
8063
8214
8782
8861
8932
8934
8979
9209
9949
10169
10612
10705
11461
12772
13083
13691
14732
16486
16810
19122
24550
16
800
843
885
1117
1774
1931
2400
2407
2553
2795
2962
3006
3401
3769
3964
5151
5411
5555
6072
6099
6444
6456
6575
7229
7307
7516
7778
7819
8559
8576
8600
8693
8729
9136
9380
9597
9887
9889
10231
10882
10893
10980
11646
11909
12262
12447
12557
12816
13639
13951
14049
14105
14144
14190
14209
14670
15472
16178
16436
18252
19547
20190
23691
4
13
101
290
714
830
922
1012
1547
1827
1996
2279
2287
2537
2759
2988
3001
3091
3100
3802
4145
4436
4778
5529
5584
5604
5615
5975
6175
6305
6464
6490
6646
6651
6895
7042
7237
7261
7396
7983
8034
8128
8234
8357
8487
8497
8510
8785
8920
8986
9338
9365
10296
10299
11469
12348
12396
12558
14480
14544
15285
15356
15610
15987
16371
16936
17323
19121
19242
19806
74
103
401
742
907
1021
1103
1279
1329
1467
1485
1633
1698
2166
2399
2911
3063
4139
4400
4671
4703
4782
4861
4922
5440
5481
5511
5762
6207
6239
6385
6584
6629
6766
6774
6930
7141
7253
7533
7584
7666
7729
7756
7796
8213
8270
8910
9097
9366
9644
10347
10359
10509
10704
10712
10989
11340
11738
11839
13023
13167
13206
13215
13425
13512
13841
14912
15630
17830
18148
18860
20549
21846
23715
25329
25628
186
208
416
670
966
1175
1193
1461
1586
1665
1888
2347
2570
2590
2595
2680
3064
3250
3363
3419
3450
3620
3743
3810
3894
3925
4011
4621
4800
4900
5293
5592
5619
5649
5947
5955
5956
6107
6395
6590
6712
6853
7231
7273
7295
7301
7512
7521
7561
7630
7690
7802
7939
8447
8619
8624
8714
8853
8953
9180
9295
10362
10386
10523
10619
10763
10956
11520
11980
12312
12459
12651
12872
12962
13074
13108
13162
13211
15345
16341
17525
18830
20887
21715
24563
33035
375
568
1386
1538
1603
1927
1980
1992
2007
2119
2212
2222
2406
2531
2633
2769
2832
3151
3465
3784
3967
4636
4742
4747
4821
5509
5812
5825
5848
5900
6870
7868
7892
8096
8186
8194
8292
8496
8578
8900
8929
8965
9092
9165
9277
9591
9727
9825
9922
10101
10131
10435
10437
10887
10963
10967
11112
11481
11687
11786
13309
14033
16415
16421
16861
17169
17853
19402
20254
20441
22410
24892
37097
20
238
478
558
600
647
1001
1065
1291
1314
1322
1675
1721
1722
1921
2209
2378
2826
2842
2893
2904
3145
3152
3205
3254
3714
3771
3831
3867
3911
3930
3943
4494
4515
4613
4678
5068
5109
5155
5248
5273
5376
5431
5532
5689
5919
6009
6125
6532
6609
6619
6697
6734
6856
7056
7204
7501
7696
7898
8434
8439
8516
8610
8653
8802
9131
9516
9900
10214
10433
11077
11139
11876
11996
12092
12351
12553
12691
12818
12930
13344
13692
14140
15154
15248
15405
15509
15639
15985
16352
17002
17855
18255
18317
18784
20404
20407
30407
1
14
70
182
267
363
802
968
1049
1124
1253
1557
1713
1831
1849
1953
2087
2136
2229
2255
2278
2331
2480
2520
2780
2846
2959
3007
3162
3445
3469
3483
3506
3542
3761
4010
4034
4394
4480
4692
4887
5075
5351
5516
6049
6101
6105
6274
6301
6400
6452
6680
6709
6878
6910
6932
6957
7114
7382
7413
7428
7500
7525
7730
7866
8094
8511
8539
8732
8744
9003
9427
9917
9948
10475
10623
10665
11291
11435
11483
11627
11736
11797
11940
11961
12081
12146
12232
12613
12673
13426
13487
13560
14748
14952
14995
15117
15692
16205
16969
17219
17605
17653
17814
18188
18456
19910
20276
21139
21773
23316
25322
25660
31121
40
48
190
389
626
671
763
1037
1063
1101
1114
1152
1191
1308
1570
1655
1691
1861
1947
1949
2013
2290
2365
2751
3210
3357
3689
3699
3729
3775
3877
4401
4451
4676
4695
5190
5373
5526
5674
5751
5976
6032
6110
6340
6484
6486
6554
6557
6559
6797
6926
6943
6964
7033
7200
7214
7220
7226
7392
7454
7489
7606
7825
7849
7966
8187
8309
8406
8547
8666
8756
8779
8957
9109
9308
9420
9522
9603
9657
9793
9827
9869
10108
10216
10261
10681
10692
10799
10838
11475
11547
12015
12117
12254
12276
12499
12813
12984
13333
13579
14051
14301
14477
14507
14792
15261
15996
16474
16493
17164
18464
18767
19409
19549
19982
20012
22589
23058
24245
24486
24487
31821
32980
31
140
423
438
463
658
735
1034
1080
1666
1733
2021
2022
2496
2564
2820
2923
2943
3229
3395
3643
3985
4128
4316
4354
4520
4589
4719
4835
4920
5198
5294
5358
5490
5728
5826
5877
5992
6024
6112
6255
6313
6418
6441
6589
6810
7409
7459
7990
8007
8602
8690
8724
8788
8805
8830
8978
9038
9192
9443
9639
10002
10204
10391
10453
10551
10582
10622
10640
11160
11318
11336
11582
11594
11632
11657
12071
12155
12360
12844
13008
13048
13060
13391
13451
14007
14157
14255
14257
15003
15634
15780
15925
16359
16858
17696
18265
18409
19382
19611
20036
20840
21407
27320
27981
38853
40823
50
169
321
440
466
637
1004
1060
1111
1295
1342
1451
1463
1513
1533
1672
2114
2221
2282
2645
2678
2914
2936
3028
3115
3361
3520
3529
3839
3931
4365
4367
4497
4633
5007
5064
5079
5191
5381
5383
5510
5551
5633
5703
5757
5759
5796
5906
5946
6015
6130
6330
6333
6638
6685
6865
7122
7252
7297
7354
7504
7527
7661
7972
8019
8401
8449
8467
8502
8628
8654
8664
8717
8745
8760
8885
9032
9212
9289
9594
9608
9725
10177
10370
10479
10524
10675
10949
11080
11258
11364
11717
11785
12012
12190
12197
12343
12788
12978
13050
13165
13264
13292
13626
13792
13852
13919
14328
14756
14795
15330
15768
16309
16382
16386
16921
17382
17893
18082
18290
18673
19124
19855
20656
20882
21443
21584
21678
21848
22383
22925
27844
28427
30169
210
240
319
524
535
624
690
770
792
863
914
1013
1391
1488
1537
1551
1606
2034
2061
2199
2388
2419
2788
3263
3327
3374
3688
3862
4107
4324
4434
4574
4608
4670
4730
4763
4798
5284
5328
5359
5443
5484
5642
5839
5876
6053
6120
6209
6254
6488
6525
6549
6572
6641
6674
6713
6864
6867
6966
7136
7158
7211
7394
7402
7502
7553
7598
7599
7883
8051
8183
8217
8230
8314
8321
8399
8525
8728
8743
8812
8878
9177
9383
9388
9478
9556
9645
9660
9801
9805
9862
9870
10149
10150
10306
10571
10614
11232
11444
11764
11845
11866
11937
12481
12555
12697
13285
13517
13765
13837
14062
14159
14313
14395
14703
14819
14876
14944
15799
16326
16520
16951
17143
17193
17521
18073
18859
19200
19743
20013
20923
21143
21683
21814
22280
23337
24354
25401
25643
25709
27156
27226
28093
28822
29296
33260
33854
41451
114
154
197
305
395
434
437
441
623
644
697
705
797
804
860
882
1039
1321
1349
1443
1515
1662
1676
1680
1757
1798
2248
2605
2821
2983
3042
3056
3827
3882
3932
4009
4381
4500
4533
4570
4603
4606
4612
4780
4939
4969
5065
5163
5230
5764
5835
5847
6300
6381
6442
6612
7035
7102
7262
7308
7472
7524
7774
7806
7817
7929
7934
7957
8029
8180
8252
8257
8417
8462
8702
8772
8828
8991
9238
9545
9577
9615
9619
9625
9659
9779
9911
9972
10146
10211
10275
10290
10325
10368
10886
10972
11085
11292
11507
11514
11552
11795
11878
12156
12215
12270
12306
12353
12617
12937
13149
13214
14030
14329
14838
15265
15541
15645
15714
15748
15977
16119
16206
17014
17025
17161
17180
17250
17328
17710
17762
17797
18423
18909
18985
19625
19638
20079
20080
20166
20451
20456
20483
21929
22073
22205
22972
23432
25953
26789
26913
27996
28791
28964
29948
5
9
12
65
189
234
255
473
988
1071
1119
1218
1256
1301
1889
1900
2006
2150
2477
2535
2546
2655
2811
2866
2927
2935
3034
3062
3339
3420
3424
3580
3642
3686
3753
3936
4039
4330
4388
4477
4619
4623
4656
4764
4822
5171
5379
5535
5582
5789
5808
5811
5821
5861
5874
6148
6253
6269
6520
6626
6760
6773
6794
6821
7027
7059
7090
7269
7417
7611
7643
7738
7985
8038
8150
8178
8378
8385
8404
8444
8503
8544
8597
8663
8678
8719
8739
8837
8872
9061
9115
9274
9324
9384
9391
9415
9678
9751
9803
9927
9998
10027
10043
10107
10181
10186
10262
10276
10504
10613
10635
10715
10764
10889
10931
11164
11306
11397
11635
11638
11881
12030
12115
12543
12550
12671
12791
13284
13346
13600
13727
14296
14956
15482
15663
15744
15817
16173
16258
16287
16356
16640
16744
17112
17246
17527
17848
18015
18259
19395
19558
20125
20492
21100
21261
21399
22006
22016
22222
22346
22687
23887
24676
25480
25595
26361
26976
28550
30904
32534
32805
111
126
175
179
425
546
643
683
704
1023
1307
1338
1380
1700
1746
2276
2313
2316
2609
2666
2687
2735
2924
3027
3029
3143
3470
3471
3590
3662
3762
3793
3923
3955
4002
4035
4181
4309
4342
4592
4681
4685
4751
4757
4797
4865
5074
5212
5309
5417
5480
5482
5486
5752
5771
5802
5843
5945
5965
5989
6047
6186
6189
6665
6831
6890
6946
7094
7143
7288
7322
7443
7488
7628
7672
7689
7715
7917
8082
8085
8249
8333
8564
8631
8660
8701
8722
8796
8840
8874
8901
8935
8996
9055
9279
9496
9616
9707
9816
10078
10093
10246
10468
10543
10595
10672
10975
10996
11009
11166
11277
11356
11580
11833
11919
12043
12408
12504
12526
12585
12676
12684
12771
12810
12811
12888
13022
13138
13256
13273
13403
13414
13659
13732
13758
13816
13915
14058
14060
14179
14181
14272
14355
14561
14854
15231
15343
16643
17044
17197
17206
17245
18109
18169
18443
18541
18588
18599
18618
18946
19484
19592
19596
20014
20510
20752
20903
21142
22829
22993
23336
23835
24332
24497
24779
24802
24911
25512
28266
30996
31070
31232
31876
33139
41008
41092
67
75
156
174
317
318
435
458
496
581
583
606
749
840
928
947
983
1440
1523
1615
1643
1797
1803
1862
2014
2458
2490
2519
2561
2771
2875
3076
3082
3128
3193
3224
3233
3315
3371
3512
3788
3948
3949
4000
4051
4099
4317
4389
4495
4558
4560
4653
4948
4989
5522
5638
5784
5857
5862
5952
6065
6071
6103
6145
6389
6391
6412
6483
6556
6605
6671
6792
7371
7439
7591
7634
7770
7775
8018
8037
8141
8201
8402
8426
8526
8552
8715
8831
8891
8931
9198
9202
9236
9334
9531
9546
9571
9589
9705
9723
9820
9886
10009
10053
10225
10457
10741
11008
11039
11173
11212
11398
11416
11418
11479
11488
11489
12002
12013
12133
12191
12404
12452
12624
13051
13102
13220
13257
13556
13997
14081
14085
14351
14428
14506
14669
14708
15005
15057
15080
15318
15538
15594
15878
16076
16194
16364
16649
16768
16839
16966
16994
17118
17162
17405
17891
17985
18038
18066
18213
18723
18783
18998
19302
19561
20160
20889
21271
21602
22007
22079
22190
22497
23052
23604
23674
25316
25365
25530
25782
26634
27000
27104
27173
27846
28741
29770
29956
30482
42099
45870
268
314
634
680
681
1094
1104
1121
1210
1283
1582
1710
2056
2074
2137
2215
2293
2308
2394
2521
2574
2603
2646
2803
2816
2840
2889
2961
2982
3057
3069
3081
3155
3211
3238
3724
3759
3842
4421
4484
4575
4616
4683
4854
4972
5185
5213
5382
5402
5580
5641
5891
5994
6017
6030
6159
6221
6251
6262
6410
6447
6466
6468
6567
6655
6900
6924
7006
7199
7241
7359
7415
7526
7549
7847
7857
8066
8422
8453
8464
8721
8870
8942
8947
8994
9041
9126
9128
9190
9195
9234
9283
9296
9301
9340
9372
9410
9513
9945
10032
10048
10104
10129
10340
10485
10597
10616
10892
11105
11106
11114
11270
11355
11363
11572
11602
11633
11670
11692
11697
11750
11769
11784
11827
11906
11914
11955
11967
12106
12249
12272
12328
12335
12346
12349
12475
12583
12655
12716
12729
12779
12817
12865
12884
12918
12925
13061
13310
13554
13718
14005
14031
14096
14113
14118
14200
14254
14372
14397
14554
14624
14633
14680
14759
14866
15251
15311
15411
15430
15585
15844
16338
16883
16910
16911
17022
17315
17332
17503
17610
17864
17869
18095
18141
18170
18482
18490
18773
18813
18967
20147
20716
20766
20965
21113
21115
21116
21179
21351
21459
21525
21637
21682
21856
21939
21955
22230
22789
23396
23493
24093
24123
24529
24542
24610
24806
24951
24952
25768
25913
25935
26077
26556
27244
27677
27684
28963
29318
30184
32250
32592
32714
32728
33823
34365
34681
35643
36464
47680
49
113
388
426
436
467
515
532
619
662
725
984
1220
1446
1526
1591
1844
1857
1875
1975
1982
2086
2112
2228
2275
2421
2466
2648
2702
2772
2917
2994
3018
3084
3396
3439
3484
3559
3639
3681
3760
3857
3863
3947
4147
4339
4361
4475
4486
4576
4682
4715
4860
4911
4990
5015
5016
5051
5121
5157
5193
5229
5241
5291
5450
5737
5798
6006
6173
6263
6332
6350
6383
6404
6670
6740
6759
6764
6811
6817
6911
6992
7031
7066
7080
7179
7248
7258
7378
7427
7457
7505
7506
7580
7703
7745
7926
7928
8039
8122
8185
8192
8258
8285
8307
8441
8452
8675
8689
8691
8814
9068
9257
9339
9350
9389
9424
9540
9614
9763
10098
10264
10316
10327
10376
10513
10536
10638
10817
10841
10876
10890
10964
11003
11244
11384
11459
11462
11486
11499
11568
11621
11661
11772
11882
12007
12076
12143
12371
12520
12669
12718
12741
12812
12836
12922
13109
13153
13291
13334
13357
13595
13633
13700
13761
14037
14045
14163
14250
14319
14338
14340
14414
14728
14801
14879
14977
15120
15121
15159
15200
15204
15336
15388
15545
15588
15794
15909
15949
16057
16070
16358
16360
16506
16582
16629
16797
16836
16955
17039
17160
17331
17366
17425
17679
17736
18059
18111
18171
18380
18444
18615
18656
18732
18776
19028
19095
19287
19545
19593
19922
20103
20398
20424
20744
20834
21463
21667
22211
22312
22352
22463
23028
23732
23790
23933
24992
25030
25093
25103
25784
26601
27948
28014
28475
28632
29387
29578
30572
31361
31758
33448
33677
34506
36442
38001
39616
39759
50440
62
69
78
256
331
460
476
724
788
945
1054
1120
1159
1270
1309
1356
1377
1396
1583
1673
1689
1704
1791
1928
2052
2116
2249
2386
2404
2447
2474
2540
2548
2674
2838
2862
2972
3059
3061
3188
3225
3319
3702
3732
3791
3807
3888
3951
4338
4347
4366
4392
4417
4443
4485
4521
4545
4585
4618
4634
4660
4679
4718
4759
4796
4933
5009
5120
5265
5327
5459
5527
5540
5609
5671
5734
5823
5837
5838
5924
5930
5986
6033
6048
6134
6257
6264
6308
6309
6314
6337
6338
6433
6625
6691
6716
6981
7018
7089
7145
7163
7189
7266
7375
7400
7477
7497
7604
7656
7891
8095
8106
8168
8476
8518
8527
8534
8574
8622
8635
8754
8816
9083
9101
9157
9266
9273
9307
9337
9356
9362
9509
9569
9583
9642
9646
9688
9765
9864
9871
9877
9878
10056
10244
10281
10424
10481
10562
10578
10618
10647
10697
10778
10784
10863
10885
10904
10906
10982
11088
11326
11557
11591
11614
11629
11655
11714
11739
11752
11875
11990
12042
12223
12233
12320
12324
12413
12495
12561
12589
12869
12969
13092
13103
13237
13259
13307
13311
13336
13365
13421
13423
13490
13733
13948
14041
14100
14102
14106
14117
14283
14318
14652
14699
14926
15014
15035
15160
15206
15247
15280
15580
15611
15635
15675
15695
15752
15819
15846
15875
16399
16524
16536
16559
16697
16767
16773
16863
17086
17395
17500
17818
18472
18590
18628
18670
18905
18921
19247
19308
19727
19843
19911
20085
20102
20368
20402
20406
20753
21022
21025
21154
21680
21978
22126
22331
22365
23532
23793
23839
23846
23993
24025
24103
24226
24832
25251
25301
25446
25565
25572
25593
25799
25958
25959
26167
26352
26974
27080
27108
27542
27635
27823
28570
28697
29319
29329
29442
29875
29991
30212
31262
31367
31828
32864
33190
35714
37072
37714
38542
38743
38948
47972
50227
150
170
173
207
236
297
530
563
573
591
615
645
667
694
1005
1007
1057
1137
1154
1157
1324
1400
1415
1528
1610
1670
1697
1742
1747
1748
1766
1788
1850
1866
2018
2023
2105
2195
2242
2265
2321
2426
2434
2518
2566
2586
2615
2695
2696
2757
2758
2765
2860
2910
2931
3005
3012
3023
3096
3148
3247
3285
3355
3387
3392
3504
3536
3654
3656
3665
3746
3829
3835
3950
4371
4509
4535
4622
4629
4689
4720
4767
4817
4902
5006
5123
5125
5242
5257
5367
5375
5409
5606
5650
5676
5750
5763
5844
5870
5897
5980
6035
6050
6366
6393
6431
6453
6470
6561
6569
6582
6591
6636
6640
6710
6720
6732
6781
6887
6901
6907
7020
7078
7107
7134
7286
7469
7484
7695
7797
7827
7941
8086
8179
8189
8263
8340
8366
8540
8550
8583
8586
8604
8682
8695
8703
8742
8804
8926
8941
8959
8997
9006
9044
9066
9240
9309
9329
9343
9407
9434
9436
9476
9494
9554
9584
9617
9653
9698
9708
9777
9788
9857
9903
9914
9924
9941
10018
10175
10227
10228
10241
10253
10366
10511
10519
10553
10587
10637
10645
10656
10663
10809
10820
10902
10907
10930
10986
11015
11062
11119
11289
11449
11548
11587
11589
11612
11691
11709
11810
11821
11825
11861
12132
12152
12199
12265
12277
12322
12552
12611
12648
12721
12785
12929
13140
13224
13290
13568
13818
13931
13947
14247
14251
14256
14271
14316
14368
14436
14494
14562
14569
14577
14607
14616
14675
14696
14707
14870
14935
14948
14971
15157
15173
15199
15220
15259
15390
15428
15452
15686
15738
15796
15800
15803
15854
15934
16032
16150
16183
16211
16393
16394
16475
16584
16673
16879
16906
17077
17159
17167
17266
17516
17523
17752
17826
18007
18022
18087
18128
18270
18426
18563
18658
18671
18744
18782
18789
18878
18912
18969
19037
19071
19106
19296
19372
19374
19471
19482
19737
19759
19903
19991
20096
20136
20143
20156
20168
20171
20189
20244
20316
20447
20494
20539
21078
21126
21153
21305
21528
21616
21688
21763
21772
21906
21947
22502
22645
22959
22997
23088
23984
24038
24040
24185
24422
24587
24693
24833
25080
25379
25866
26341
26507
26860
26904
27396
27821
27912
27943
28092
28269
28318
28327
28456
28761
28894
29116
29166
29841
30180
30638
30734
31066
31122
31779
31802
32072
32147
32450
32619
33048
33261
33410
33828
34307
34543
35142
36286
36443
38010
40527
40816
43806
44444
44604
53627
3
55
136
219
244
366
402
469
577
582
602
674
685
829
890
924
938
940
1022
1182
1299
1332
1444
1503
1543
1604
1728
1963
1970
2111
2162
2201
2238
2250
2292
2499
2627
2717
2723
2760
2763
2764
2767
2791
2827
2865
2942
2964
2997
3037
3067
3159
3161
3234
3274
3409
3460
3485
3497
3523
3599
3683
3776
3856
3858
3913
3917
3982
4037
4081
4142
4144
4275
4343
4385
4425
4581
4588
4627
4631
4649
4654
4662
4696
4771
4818
4828
4893
4936
4943
4953
4955
5012
5159
5201
5289
5296
5300
5316
5317
5458
5528
5598
5617
5673
5782
5822
5936
5996
6044
6068
6100
6111
6127
6140
6147
6185
6196
6265
6273
6369
6384
6390
6521
6558
6595
6622
6623
6664
6850
6875
6927
6977
7011
7203
7233
7243
7271
7276
7373
7450
7463
7465
7493
7547
7566
7607
7654
7685
7700
7744
7765
7795
7842
8017
8061
8091
8131
8137
8287
8365
8438
8521
8537
8607
8694
8777
8787
8905
8925
9013
9016
9064
9070
9176
9269
9281
9331
9379
9381
9401
9508
9515
9534
9600
9780
9814
9826
9901
9936
9962
9963
9970
10100
10109
10136
10198
10239
10287
10344
10508
10611
10621
10772
10837
10874
11025
11126
11299
11352
11400
11408
11423
11445
11535
11649
11699
11747
11766
11770
11787
11889
11924
11942
11957
12003
12040
12075
12307
12380
12616
12631
12682
12708
12748
12887
13058
13071
13072
13210
13213
13238
13239
13304
13385
13447
13622
13649
13658
13713
13867
14047
14099
14115
14143
14156
14164
14233
14276
14289
14320
14445
14454
14886
14891
15066
15072
15100
15143
15202
15306
15331
15335
15376
15391
15455
15576
15589
15640
15703
15716
15802
16088
16361
16369
16424
16580
16591
16635
16745
16756
16837
16848
16853
16854
16871
16896
16915
16928
17008
17031
17073
17131
17149
17218
17230
17307
17738
17749
18062
18068
18093
18134
18135
18137
18198
18215
18239
18300
18301
18354
18432
18539
18720
18781
18940
19031
19040
19129
19133
19203
19397
19432
19631
19765
19859
20017
20061
20064
20198
20234
20380
20401
20449
20466
20592
20616
20705
20742
20774
20815
20827
20950
20964
21080
21317
21321
21430
21711
21781
21837
21847
22022
22048
22107
22144
22221
22358
22478
22506
22527
22778
22906
22943
22985
22986
23113
23131
23135
23173
23362
23398
23408
23429
23489
23666
23728
23765
23847
23919
24101
24105
24261
24340
24551
25393
25443
25553
25758
25936
26332
26572
26637
26780
26845
26869
26970
27012
27019
27232
27279
27763
27770
28220
28471
28519
28622
28865
29026
29091
29266
29457
30217
30314
30371
30623
31438
31513
31657
31959
32036
32203
32417
32905
32991
33014
33292
34331
34422
34719
34766
35387
35854
36267
37443
38373
38374
38578
38782
40287
41545
41709
42800
42956
44182
44714
45631
45866
47181
49020
49756
50156
51135
51468
51987
56028
24
148
221
264
433
536
587
595
730
740
886
926
967
1011
1016
1024
1061
1072
1290
1343
1654
1738
1745
1876
1907
1948
1991
2062
2072
2129
2132
2155
2252
2307
2327
2398
2405
2547
2565
2738
2797
2805
2837
2954
2967
3055
3068
3181
3223
3291
3302
3335
3376
3455
3558
3701
3705
3756
3768
3779
3781
3820
3833
3890
3933
3987
4004
4325
4531
4542
4550
4677
4714
4727
4775
4852
4903
4931
4960
4981
5025
5188
5210
5240
5407
5501
5541
5548
5583
5612
5636
5659
5720
5725
5849
5911
5958
6003
6025
6156
6203
6281
6292
6307
6328
6368
6722
6730
6733
6826
6852
6923
6934
6938
6940
6942
6962
6973
7013
7081
7182
7196
7303
7384
7401
7406
7431
7475
7486
7491
7559
7568
7742
7786
7856
7872
7890
7942
7962
7991
8108
8204
8210
8342
8380
8460
8472
8494
8556
8558
8570
8582
8596
8620
8621
8705
8723
8792
8810
8826
8847
8908
8999
9149
9231
9363
9475
9504
9524
9601
9612
9628
9631
9686
9734
9738
9783
9834
9863
10010
10012
10014
10036
10162
10213
10283
10350
10383
10418
10448
10505
10573
10607
10632
10680
10694
10749
10767
10815
10831
10854
10888
10891
10894
10927
10954
10997
11128
11183
11217
11268
11339
11344
11387
11391
11420
11470
11554
11607
11609
11619
11673
11702
11733
11856
11887
11894
11926
11935
11954
12059
12088
12114
12153
12196
12205
12216
12282
12287
12288
12359
12479
12554
12559
12704
12726
12807
12870
12972
13011
13052
13099
13100
13112
13168
13174
13188
13319
13340
13360
13361
13367
13380
13392
13420
13510
13514
13537
13558
13594
13699
13722
13742
13791
13814
13817
13873
14022
14023
14064
14080
14087
14356
14399
14420
14479
14538
14631
14642
14656
14657
14666
14768
14875
14932
14947
14964
14975
15041
15065
15092
15156
15184
15213
15226
15228
15368
15427
15532
15596
15622
15658
15687
15747
15809
15841
15951
15958
16044
16130
16185
16216
16217
16227
16295
16355
16483
16509
16607
16728
16769
16922
16982
17049
17133
17257
17263
17276
17281
17458
17616
17635
17699
17734
17739
17747
17858
17884
17910
18057
18065
18098
18232
18363
18394
18398
18561
18593
18654
18678
18700
18846
18874
18933
19049
19184
19408
19434
19439
19654
19686
19769
19813
19817
20015
20082
20155
20243
20301
20370
20409
20519
20550
20577
20714
20871
20874
20980
21344
21345
21362
21389
21395
21414
21460
21475
21515
21530
21542
21568
21607
21614
21686
21696
21738
21786
21864
21915
21960
21980
22036
22050
22078
22085
22159
22204
22278
22374
22388
22466
22611
22679
22721
22725
22798
22932
23270
23334
23401
23490
23497
23626
23659
23741
23832
23836
23880
24052
24421
24446
24552
24561
24602
24621
24629
24719
24799
24953
24971
25107
25184
25205
25283
25380
25436
25461
25878
25911
25947
25950
26024
26034
26497
26588
26605
26673
26929
27022
27221
27277
27385
27407
27426
27450
27670
28089
28389
28555
28609
28654
28837
28890
28910
29049
29052
29295
29322
29450
29768
29783
29807
29941
30172
30175
30176
30281
30311
30675
30832
31080
31391
31403
31675
31914
31916
31991
32119
32252
32289
32486
33229
33233
33269
33391
33397
33564
33814
33898
34024
34290
34397
34707
35374
35465
35671
35792
36159
36874
36963
37306
37444
37782
37996
38412
38647
38657
39143
39517
39550
39642
41180
41349
41697
42299
43313
43795
44447
44450
44452
44736
45999
46802
47216
47838
48257
48338
49463
49512
50432
50713
52145
52146
52147
52148
52149
52150
52151
52836
53779
57418
57766
97
273
312
333
356
365
371
443
498
541
570
620
709
728
837
972
1105
1143
1171
1178
1224
1246
1248
1262
1353
1471
1472
1501
1514
1540
1567
1620
1869
2037
2041
2055
2097
2128
2153
2296
2353
2417
2510
2638
2726
2799
2864
2956
3039
3043
3044
3046
3080
3104
3114
3129
3133
3141
3164
3264
3287
3323
3354
3427
3634
3653
3660
3719
3924
4041
4049
4059
4355
4356
4360
4403
4432
4496
4559
4600
4658
4664
4672
4694
4724
4731
4758
4770
4826
4837
4889
4944
4954
4971
5017
5073
5172
5208
5247
5260
5264
5362
5364
5390
5400
5437
5460
5483
5569
5593
5645
5786
5788
5879
5968
5983
6062
6069
6214
6220
6228
6237
6297
6450
6477
6506
6531
6534
6577
6587
6634
6662
6696
6738
6937
6949
6987
7005
7079
7088
7093
7109
7198
7334
7338
7341
7349
7416
7468
7470
7518
7556
7605
7618
7619
7749
7807
7869
7887
7932
8023
8092
8111
8125
8138
8167
8196
8197
8208
8283
8297
8319
8324
8341
8347
8348
8358
8405
8416
8427
8435
8477
8479
8483
8548
8594
8632
8699
8741
8778
8849
8864
8866
8876
8889
8895
8906
8936
8937
8966
8983
9015
9021
9073
9091
9130
9145
9146
9181
9246
9287
9349
9357
9385
9393
9404
9507
9510
9630
9656
9721
9838
9842
9843
9866
9892
9898
9983
9996
10021
10035
10038
10061
10063
10106
10133
10280
10317
10335
10351
10367
10461
10495
10577
10601
10624
10651
10658
10722
10733
10736
10740
10750
10753
10804
10805
10806
10807
10808
10810
10811
10821
10825
10834
10875
10917
10918
10965
10973
10976
11023
11075
11190
11304
11316
11360
11438
11440
11452
11453
11491
11512
11555
11590
11616
11672
11704
11708
11749
11812
11814
11844
11849
11888
11921
11922
11952
12086
12090
12130
12218
12222
12284
12334
12361
12386
12516
12519
12540
12544
12588
12635
12646
12654
12795
12876
12931
12933
13017
13025
13080
13082
13122
13127
13179
13219
13228
13254
13265
13269
13283
13287
13301
13322
13327
13329
13349
13364
13377
13412
13422
13616
13629
13636
13657
13717
13720
13723
13781
13789
13797
13801
13864
13866
13875
13943
13971
14021
14034
14043
14046
14089
14114
14151
14205
14226
14293
14341
14387
14424
14427
14434
14567
14583
14604
14608
14622
14662
14730
14873
14955
14973
15037
15098
15126
15149
15250
15263
15322
15384
15386
15499
15540
15619
15637
15682
15697
15721
15727
15735
15765
15766
15775
15861
15879
15913
15919
15964
15988
16038
16060
16072
16074
16079
16169
16192
16284
16312
16376
16445
16463
16469
16571
16611
16617
16735
16762
16816
16860
16923
16932
16981
17027
17062
17081
17125
17239
17256
17261
17374
17379
17389
17411
17413
17418
17532
17559
17654
17683
17693
17728
17798
17801
17841
17894
17970
18184
18247
18281
18418
18474
18488
18508
18528
18607
18665
18762
18774
18812
18821
18826
18951
19093
19132
19149
19153
19160
19171
19172
19181
19194
19214
19265
19280
19368
19425
19426
19487
19501
19531
19616
19753
19755
19757
19819
19845
19863
19946
19980
20101
20117
20163
20230
20351
20371
20397
20428
20481
20499
20598
20617
20629
20633
20761
20788
20789
20946
21442
21497
21604
21681
21745
21777
21893
21964
21984
21999
22100
22105
22142
22215
22233
22255
22276
22435
22525
22675
22832
22833
22880
22941
22955
22977
23104
23118
23153
23286
23301
23321
23323
23369
23370
23419
23476
23485
23500
23506
23609
23616
23634
23651
23711
23743
23854
23959
24013
24029
24087
24166
24218
24254
24515
24524
24533
24609
24715
24868
24944
24978
24980
25214
25320
25364
25400
25424
25548
25560
25582
25590
25733
25786
25901
26100
26109
26121
26312
26407
26536
26546
26676
26692
26756
26999
27056
27095
27131
27212
27236
27373
27567
27619
27968
27994
28273
28284
28428
28442
28464
28573
28578
28692
28778
28842
28886
29027
29101
29188
29848
29915
30109
30336
30587
30604
30754
30892
30950
31114
31334
31577
31616
31646
31730
31740
31747
31996
32022
32200
32214
32311
32524
32530
32683
32781
32850
32950
33113
33145
33355
33539
33604
33824
33913
33953
34000
34016
34044
34192
34367
34557
34576
34611
34685
34897
35002
35037
35409
35429
35462
35508
35579
35660
36133
36148
36150
36152
36203
36242
36561
36905
37119
37134
37257
37355
37463
37475
38633
38857
39538
39540
39864
39866
40012
40039
40438
40453
40506
40628
40755
40852
40942
40976
40982
41572
41645
41726
41900
42496
43656
43823
43949
44200
44428
44608
45930
46161
46270
46408
47848
48483
48581
48714
48928
49727
50166
50167
50369
51077
51877
52408
52803
53299
53658
54544
55314
55481
57263
57571
57706
59360
60820
47
134
187
195
216
248
271
304
324
338
348
355
393
407
415
417
484
552
593
655
822
905
986
1029
1038
1045
1083
1089
1130
1170
1201
1222
1223
1325
1344
1345
1379
1406
1409
1511
1566
1677
1686
1705
1726
1756
1829
1854
1895
1897
1903
1952
2075
2142
2156
2220
2339
2373
2375
2382
2420
2472
2505
2582
2651
2668
2675
2689
2722
2749
2754
2813
2834
2873
2928
2940
2958
2963
2987
3013
3099
3101
3140
3174
3184
3207
3249
3257
3418
3491
3495
3528
3563
3585
3619
3823
3852
3853
3854
3855
3868
3993
4027
4056
4306
4391
4410
4426
4461
4479
4573
4578
4579
4599
4652
4707
4787
4805
4831
4838
4907
4962
5010
5011
5019
5028
5063
5093
5101
5103
5111
5203
5204
5276
5343
5354
5418
5468
5512
5562
5677
5779
5815
5817
5929
6083
6123
6252
6271
6364
6397
6430
6435
6560
6747
6783
6800
6859
6874
6876
6889
