7539
288
4811
6218
4698
3367
1561
2577
110
502
1459
2045
107
1300
1509
13678
1635
4905
4534
7356
1172
308
245
1366
9095
1646
673
6984
529
902
6162
2423
404
953
4470
7461
1203
4322
13401
11859
446
1465
8375
6327
300
6294
1433
1487
246
8945
3545
1457
9840
489
3404
10278
2930
4498
7151
5023
4387
7583
4314
510
295
2256
1688
1424
16083
3138
6085
10725
4965
20574
1773
4493
6518
3412
1249
2335
4448
412
4524
11801
143
7148
6467
1456
5048
19544
250
22717
10373
6465
5168
8070
26682
144
12239
15776
10653
1414
9047
12914
5646
5305
5183
13250
12893
123
1298
941
4482
5280
77
2213
3603
25261
332
218
3821
10551
4447
7483
1312
3356
7959
7438
1215
2043
8782
8979
6207
4440
4878
5494
238
1420
465
3601
1774
311
4313
2187
6744
4045
1199
3612
8950
16
4028
12127
5259
5715
8281
11620
9027
904
4995
17043
1253
6011
2191
2240
2245
12798
14856
3579
1426
135
493
707
4323
4353
8559
12930
1175
21921
4336
5412
2300
5489
8292
7789
4802
4046
4608
6012
2110
10323
2031
342
24550
4709
25628
578
16486
1755
4109
14209
3978
8502
3369
4023
21014
2753
13211
11475
3870
10266
14732
1384
12483
1737
1486
10231
5584
51
4620
20656
16178
4882
1302
6481
6767
1724
9096
341
4328
447
711
4996
427
2088
4561
14549
3582
299
12193
11324
7002
9500
241
9499
13073
9276
5601
1711
4352
4782
9948
1319
4473
5900
7666
21139
7532
1637
18830
6301
339
5605
7153
3577
37097
183
1455
1295
3826
15123
4456
6283
1466
3064
15692
560
4819
2609
12117
17002
5169
2254
2319
7111
2157
1478
3666
6845
7868
21848
1418
2367
15405
10477
4668
2218
1382
1953
1370
7584
7500
9097
1734
2338
10435
7464
3416
4490
12937
7476
9530
4546
12447
506
96
4051
7971
1589
12157
1479
1784
1584
6178
2144
345
3738
12312
3575
16415
10149
1498
1495
8127
141
11013
1594
518
4836
1198
17025
18255
17044
3293
1169
17219
25030
8090
9212
9522
4925
4376
11045
4725
13183
11112
5551
25660
8401
8235
26789
20456
7898
5873
10150
3229
6173
453
1883
3310
8563
20549
6932
4814
390
2282
5893
7514
336
14654
5919
8843
1167
1482
8357
18305
6540
7226
6175
2511
10802
21396
7977
9180
2158
12154
4348
16205
9324
7313
1626
22925
7901
2309
31
951
52
3905
5197
7030
2098
91
5163
10263
10391
13273
5923
30407
6830
13293
2525
5881
1753
1458
2190
6086
2388
8050
7294
81
11469
27981
13264
2475
4989
7825
958
33
8314
16436
33035
1064
6609
24892
7985
63
5248
14159
12855
6181
500
7433
128
7443
2177
11489
5265
25758
9990
10704
1492
2370
33854
8572
4940
4792
1827
4703
9498
2184
8589
1484
13045
2341
1276
8373
5021
154
5728
420
13425
942
4734
17797
764
5223
18909
4515
14846
48
163
3628
5963
1548
12187
7939
21814
2314
1993
4145
7354
20
13579
6371
8366
29770
1152
398
3721
833
394
19302
7460
21100
1373
7997
1481
3435
2299
1588
1925
12205
937
363
14506
7521
1593
1799
7540
1454
13885
6571
4572
6791
5251
42
10386
9608
9644
6473
7504
7954
1235
9396
1750
5253
8369
430
19242
1474
12984
8584
14373
4808
4329
2570
57
7108
1592
3352
2975
11826
2323
6950
5135
807
2607
1919
11433
3065
3413
6549
19402
6026
2476
13765
1760
1590
10512
2182
1894
23715
1284
1533
16520
795
7432
14560
18964
9707
5877
18873
3910
5190
1559
7872
1461
3268
7139
1642
7993
1754
743
5207
9192
1538
980
1735
1740
8256
5181
10251
13054
16855
15945
1583
17525
10347
20988
1476
3091
13841
6630
15039
2590
1336
1665
1547
11085
4619
9775
16836
6191
1470
2194
5306
3773
20607
4399
4721
2751
943
16856
4459
6107
7158
13249
19855
4589
820
3711
20882
9917
5616
5199
100
16341
7512
2427
34024
12887
14445
6958
4576
811
7965
11405
1229
1513
3051
8396
547
1082
24868
15744
776
20842
15231
4604
4752
13117
4636
5219
15154
2347
7526
60
11111
5018
3456
5405
5939
8951
20036
4625
11356
9195
13560
826
361
4793
7229
719
7768
1405
7966
11208
15748
4369
8213
2729
9972
2258
14079
1398
9593
2980
22972
19287
1873
4502
1877
4367
41
1706
1375
3458
10803
13291
1763
25768
10732
6239
34307
7652
1386
82
975
576
9452
10214
2486
2083
21678
5693
3831
8525
13986
798
4364
3967
7538
6102
6104
6057
8361
10169
20089
4742
8738
6172
856
526
4673
11291
1496
1247
16861
5809
13022
11173
2435
2807
4942
120
16582
15285
1462
4342
1896
3827
2030
2344
1541
7505
1622
8496
24563
7489
1352
1340
2222
5413
13023
8908
11876
12151
1928
334
2603
10362
5294
58
1595
785
9197
11166
4603
10002
12090
12043
11444
26634
19133
1950
115
13088
125
13167
21142
10325
5050
1809
2166
5245
9420
4019
8253
6099
2159
1892
6838
5490
4320
9727
756
3366
1885
14007
4412
1884
4494
1480
202
6424
2340
6509
17855
6434
3934
630
3449
13344
258
8190
14756
9206
21846
14792
11827
12520
3147
8837
4324
1491
24911
11139
31821
2747
7457
7375
2287
130
5861
20887
4711
33229
17814
1990
157
4034
15738
1911
11744
13931
4683
3797
11164
8947
13340
86
716
10306
11053
28072
773
9927
9828
1786
17331
20965
4712
5256
6188
4526
11084
13083
9493
1782
20149
499
11760
22346
12028
12232
19040
1330
4311
7472
12658
10335
11435
14030
9645
13284
10705
18148
1380
9131
9329
2614
1447
2757
9202
16300
15005
15200
6066
1957
4451
2683
2463
2743
946
8402
19759
5171
8399
6437
46
1975
9545
3221
4569
5945
11580
8796
12788
11833
6408
3810
9364
6065
10276
23493
13048
7288
1401
1374
9691
13050
43548
4491
8063
20815
17246
4533
10296
4593
12691
12844
10027
6221
4938
15537
370
1179
28761
4014
9615
20744
10299
2730
8018
796
1932
3806
4867
3963
7090
4471
2147
4781
6016
21463
4598
6036
1314
7231
2632
15799
27948
7377
15265
6018
1460
9409
5633
65
8901
16858
25782
13051
18095
5423
815
13269
263
5229
2478
9944
7525
5852
2116
473
2519
13309
15934
27320
21459
15322
6809
19028
16382
4500
13257
22687
8756
21984
2935
7237
6020
8872
7359
695
8920
4487
6209
23316
1437
1749
13074
1499
9544
1872
2755
3635
4585
4761
1964
4574
7092
765
7630
4393
13084
3399
8385
4809
10359
20766
155
7553
3373
7857
10757
15330
10206
4990
14041
2260
4571
20889
1108
10715
32950
14233
11513
15846
9660
33397
13109
917
17893
18599
4366
5293
4985
22410
11470
41645
761
2087
13649
99
24551
4592
12197
21085
3024
16797
13785
12136
1087
14971
34365
6956
12191
3974
4539
1395
3518
3363
14795
2487
12613
21525
8858
13308
13639
13346
1399
10676
1469
1764
14956
2229
9295
4629
11544
4467
2146
3398
10327
3742
11488
4548
16474
2471
17830
11114
19654
36203
47683
145
4450
845
33113
20392
1591
2266
23887
3958
1475
1879
13919
6114
847
18562
16172
20834
10949
15360
23835
111
9653
24422
24483
4536
2413
1733
455
5709
1689
3020
782
5151
2216
7481
3422
41092
1483
25643
2680
9952
2425
14313
7007
18628
2313
19743
8270
22383
26732
11909
7304
234
5254
4577
11507
4939
21999
411
2255
4377
2267
778
15306
260
280
14624
214
4362
30177
2362
767
817
10210
330
2378
875
10763
1537
689
10826
2061
955
25650
4739
4764
6052
15817
10275
3100
13256
2330
3454
12869
3444
42099
3305
16173
3385
17261
2169
27434
27781
1852
8414
38647
3383
37072
14332
5759
5309
26913
4350
16468
16032
1191
16969
2693
16169
18541
4605
8811
3034
775
10479
14385
2397
11080
4368
13108
5830
2546
26044
30
14616
31828
22463
11162
6008
11305
7260
2013
1660
3439
13292
3405
20147
38578
14507
4873
3066
12791
7497
1423
7518
33294
50
8597
362
1260
16463
8150
11772
21395
6673
2400
46519
5198
9410
2712
18380
18700
3739
14051
1765
37444
17762
32642
1921
9834
9531
12772
6384
640
1757
10438
1468
12276
478
3632
44776
10571
7745
15645
9911
1531
30904
7881
2026
12288
1308
3811
10678
13043
5927
7179
18265
11984
2419
17747
939
4520
6891
1696
6588
3576
14633
22352
16206
2126
8957
7662
14995
1394
9091
14085
23984
4549
2217
23959
14181
16138
1354
20721
4678
2276
11866
4484
7456
43957
38657
908
2579
28697
10504
14838
35854
9779
19990
5261
8466
33260
7637
10098
12865
3111
22073
7128
7091
479
25786
5019
476
13426
18290
3654
2275
4763
10972
17250
13072
12227
1655
2978
13123
8082
9372
5935
3450
2268
23674
6037
3700
5263
2185
7715
869
4240
12609
809
519
6079
25093
12978
10457
6308
6015
383
18423
15480
16509
13190
7126
12557
956
9377
14837
18998
6030
17610
23320
1326
15987
850
4920
1163
24542
39707
1345
6483
1651
19765
21116
30007
5582
14854
9882
17864
41709
262
1971
4522
5193
12653
266
64673
769
505
6490
2484
23691
977
8258
55859
31657
7344
49497
12962
6555
1557
13692
11795
13837
16287
8249
5273
2148
7220
7287
2962
4596
4680
13008
6575
10328
2279
15376
696
2047
2446
15261
34719
1318
5185
15173
19638
4885
22442
8743
1063
4844
2718
16994
2257
15388
14977
808
5188
933
24552
17869
17405
13420
9016
6460
15041
6558
7468
8355
523
8959
22675
8358
147
6925
20297
18723
10344
2494
1793
10161
4719
19409
3652
7764
5227
5479
7363
4863
4566
21126
2447
4581
18456
14494
9725
7106
4922
4692
8891
8654
14397
6105
5486
19484
13512
1908
11265
17112
3371
5622
7420
4007
3201
3197
6682
5208
1207
9285
13103
11363
1893
7200
3965
1161
322
19200
2303
9177
16493
5761
8830
11638
3401
1040
1527
801
2124
509
19547
3972
38070
48714
11458
43834
1579
4799
20380
5406
1188
2154
11397
957
3927
22280
7700
8784
1949
9209
16666
7310
8666
838
4681
5555
9556
7883
7089
7191
21261
36445
452
3547
22388
12059
11002
454
17710
14652
14680
32588
721
28475
21831
37816
15819
11996
7268
10536
380
17328
4558
39483
4840
2898
3280
3590
17421
2591
6299
15610
5992
335
2456
7830
7729
2351
1641
9628
1141
20550
14033
10892
12898
11340
12611
8232
14428
33145
8885
1320
5045
160
2432
20337
853
25224
7561
3964
11614
13861
16810
13995
5464
12477
4606
12030
8156
4682
7113
5661
11287
18618
582
121
8220
9210
3324
16640
10712
11579
1160
638
7509
104
3364
1543
9870
11709
283
8057
12156
3906
545
6270
18524
8929
18767
6118
3866
16386
1825
3829
28318
13112
6706
7810
20786
25553
28632
12969
1137
3708
27619
7819
201
723
9793
21542
22995
4933
29116
6646
21154
3155
12251
25103
31232
28427
2134
16745
10582
5435
15780
616
814
469
17826
458
12328
12203
13161
4671
8933
27542
3818
18683
5452
9055
10220
5433
4821
2192
11627
15794
16744
26497
5618
2212
11355
4552
14251
5733
466
8624
8215
731
7235
1624
6198
1190
6892
15714
844
9032
4207
92
25443
7137
1357
219
11893
53490
3599
256
10741
8910
3386
2143
34897
47680
2270
1555
7623
8878
7194
7759
9597
20407
55481
46705
45870
3013
43707
12876
9941
13311
12884
11126
4381
6427
2722
15213
19794
20156
2345
9478
11360
11106
20398
3407
10511
5594
3573
8234
5778
14498
8450
21568
13997
3985
4495
949
2206
1049
1439
11797
23931
5491
766
1599
5534
703
7799
7738
451
8424
244
7606
1286
5125
5860
2234
9378
10246
514
3389
18615
3869
755
399
39840
813
2189
5203
1002
19039
6103
14876
22079
14656
5178
484
6383
6409
10675
7533
31513
9591
2499
6159
25789
1629
1797
21080
21837
11919
10475
1551
5808
21720
7604
48257
8942
1586
10692
10405
840
31955
2531
522
1652
13233
6782
1600
5988
930
4330
12428
448
11881
229
6385
3056
2359
14254
5186
269
7322
7107
6878
15390
11290
3077
98
10340
3574
15080
20406
8266
7413
6813
3153
2247
209
8697
1902
7409
3960
6196
4928
40
9898
13285
3896
5663
35045
17884
21044
1981
23666
4499
13732
397
1066
4560
19674
794
13758
1309
7599
4529
7990
22036
24226
4374
760
1931
1391
18252
11508
1625
4623
2112
385
3112
9230
22
6120
3916
16421
17521
4743
1159
29442
5155
1057
9013
9436
5836
15482
6458
6229
17523
4747
19806
1942
29405
3199
3613
1448
2096
5089
1079
13492
17382
27277
6289
20633
5388
3688
9145
8430
3727
20091
16295
5104
5631
5444
30482
6304
14414
16312
35353
2017
1347
4615
883
10204
1598
8965
8574
8779
21786
21667
521
11990
18259
5079
511
8578
20451
4618
20351
7189
20903
15280
907
463
14976
14054
21497
14801
5148
3225
2058
2365
10614
6056
5062
462
22829
4616
1690
7975
11306
1712
10262
29387
3637
1392
20254
3650
1669
2067
734
5994
1237
959
4778
4817
15630
29342
24524
3928
7967
19592
11388
1815
8631
1756
786
6711
14760
2069
1255
8005
12718
88
38761
1722
3360
18164
2271
9857
6366
5699
18015
39616
11398
5124
13761
9236
17853
48470
5351
5191
5869
14318
67
1954
793
7694
1654
7292
14944
7696
6504
746
53760
8293
11121
16371
12651
4488
2756
6484
11839
42443
11547
3317
18007
3642
1633
12263
1662
866
3668
6649
9157
7802
6816
2522
748
10244
65049
947
14081
697
5780
28220
51528
691
364
4468
8925
4012
818
4474
42237
17306
205
3706
5097
36442
8765
188
830
5257
30625
376
2491
6864
2480
14356
20705
2646
10508
23062
4570
10697
8724
1968
3188
9871
2280
3838
37134
13215
828
26588
360
5059
7672
663
2481
3840
7796
7726
10714
13773
12735
865
13491
3872
7705
541
4568
29768
726
3480
4504
62913
13213
3841
52836
6824
2241
35550
757
17125
26237
2272
1098
10044
1582
10056
5402
343
2197
14427
6412
21163
12583
3339
660
9962
3184
8926
6041
25796
21584
18590
31779
1171
18270
52803
33687
31361
25329
28269
20871
11364
10281
17118
4797
13537
626
365
10640
14340
5473
5476
10241
6186
213
5573
19859
3427
4685
35545
11901
6584
8676
39006
17985
5098
19819
5866
6045
20827
648
8041
5466
7299
11455
40012
16615
10931
25913
18508
2460
11
6106
12697
805
28145
3880
604
772
15541
3408
19518
13351
26605
4826
9855
7382
7450
496
14866
8802
57961
26929
35002
4443
23097
7087
524
37782
1342
5844
12918
105
5583
487
8513
7860
20775
1193
20096
28050
37185
16863
1194
2595
12254
2466
7051
33391
17782
23201
733
5883
812
5885
5157
1691
9554
2786
15925
9266
5917
8415
400
7102
6112
3379
16252
30371
10228
3030
3283
5853
5361
7239
1934
6663
7
12361
3740
15452
11004
391
7752
9254
832
7972
3359
1107
290
2000
10924
12499
5874
375
5042
11602
8867
2723
6067
7369
12748
5657
8716
2469
18859
1693
32775
12353
27996
966
20617
2988
4039
11670
2141
5839
11254
26974
13367
7307
7398
16643
13727
2912
2780
19395
29301
916
1327
22589
11554
12674
156
1035
2201
10643
5328
1230
11824
4510
13792
20466
2180
4465
912
2800
6653
6522
6556
8741
2888
10722
15411
10907
3636
387
2984
2553
2203
6446
998
3157
3073
14952
37025
1257
659
12015
10591
4521
3038
20171
3655
3921
11514
29991
17426
2761
4720
5411
15854
43805
1130
6021
3187
13781
27821
742
17296
23490
13691
4923
161
2959
13060
305
10838
1263
6486
7598
6312
1248
13017
20032
272
6071
4476
11594
5530
18444
20190
1905
17143
19106
823
9970
11891
614
32728
17679
1227
6731
8579
1504
15977
584
2597
4735
14180
5840
117
11705
3609
11714
1785
738
274
24185
4857
8406
2862
28682
31425
7821
3419
460
4848
5356
5598
4401
783
11459
806
21515
6404
8790
10854
140
11380
2084
753
9443
9594
7956
14328
13554
4139
725
722
5440
21686
8183
2250
13852
6717
7418
7756
8417
152
7491
6729
6787
7660
1657
15584
22205
25512
15395
2535
13214
20243
10930
1213
7129
8663
4394
6601
5674
6867
5797
33014
1708
32891
2624
30896
2046
3608
27028
1267
2232
267
1
9216
821
5522
2532
2530
3588
2788
2516
10975
1412
3873
5465
8097
3387
1929
4984
2406
33269
12561
2875
4948
23321
10468
4870
2728
9658
1648
15676
13600
2840
5629
31795
1947
1710
4107
6697
10370
10597
18776
15206
8147
6607
2490
9274
2572
1236
28741
169
13423
46415
4354
10887
31999
6886
6014
6495
6032
10376
3938
4371
781
5615
835
1904
7301
994
1232
15127
13099
5856
3948
6734
651
7687
39606
3639
7042
1329
14400
23419
10043
21000
2796
23052
23300
410
4428
3262
9038
7114
1472
20510
32934
6315
20481
25636
1936
7685
5109
13558
7066
729
33564
10211
352
682
15985
10524
5516
2399
9136
11660
8436
3329
3922
12485
6189
6059
4855
15345
2783
2515
8861
6493
7117
672
1830
8318
914
2782
3553
3887
10495
5541
3094
21365
27019
9100
3555
14670
2139
3907
4267
13310
159
2477
1145
1282
1196
5040
9344
7488
8729
1798
11775
4751
649
5425
7381
1467
1204
732
14538
7136
2488
37557
40319
18783
20143
20198
23334
3578
14759
15157
11959
14174
8701
1675
2947
6498
10543
1943
8144
10078
6333
15260
7143
8510
7411
28573
10738
2198
18300
2699
15133
4621
507
2640
1615
810
3926
6459
931
3839
3845
2464
5176
11292
8833
22144
5531
3572
11739
1356
819
13951
1612
762
5360
18946
16194
114
13336
5854
2077
3286
137
3878
30311
17131
35548
5043
4979
5044
21399
3614
5745
4849
12383
8007
3720
7859
43029
5766
10731
849
2500
3119
5238
5734
8642
5619
8550
735
3361
7121
10509
6047
14275
800
28813
4871
15996
6393
9088
12306
21530
4862
19727
5831
3319
1187
24980
692
12459
5790
25799
8948
11750
14301
6350
11582
4944
44459
4466
13349
5987
2524
3648
6402
625
265
8277
3060
4866
13556
11416
1128
636
7253
3382
5546
8617
2163
8668
2333
3994
5743
9589
525
7914
670
3110
11486
2918
5687
4978
18860
2759
9475
6024
2492
3883
1687
9203
7027
8653
5343
1323
752
1410
11646
7772
8953
6563
32036
6632
6293
14329
12320
774
3662
14395
11009
1155
16309
3342
13
7171
14725
8095
846
5252
7849
1713
11039
935
10049
9507
4986
7607
31914
1564
1277
5535
5878
5603
16326
378
681
3193
2617
13219
1546
4400
17315
23784
37306
892
5997
10955
13061
6550
2224
7943
5241
8029
5209
868
7094
5231
7516
5694
6626
6657
8813
11882
1673
8739
1331
5467
3411
3406
4864
802
2209
6578
6124
647
3420
9777
5471
5480
11041
14554
11628
14190
5795
587
10587
8762
3357
13206
8141
5472
20409
3236
10437
6487
945
8660
3929
797
22278
6110
5760
8577
3895
374
2792
5363
1536
386
6908
530
882
3932
28327
2324
3677
5538
8179
2293
2901
13228
6335
16936
2528
4017
9350
4422
3892
2561
11520
16928
5053
7057
15247
2767
6627
17807
7145
31959
24609
15797
6797
1699
3592
3270
2102
5213
7778
8181
5515
9585
8991
14163
6443
6559
12826
6644
12771
8163
16960
8503
15509
513
791
6116
4899
1275
635
2678
7763
527
6639
5937
7264
122
3980
7425
5886
2422
9308
1262
13127
7025
11697
747
11610
1162
11232
5668
43797
28886
5481
686
1408
14144
21115
1341
816
5536
3871
1858
17654
15248
1703
1653
2497
2161
22365
934
20980
21407
8785
21078
6521
5677
3647
1681
754
4010
12092
8619
2290
12345
11461
3166
5731
22331
47352
6890
6716
7082
5200
4582
13487
831
7118
5802
13220
2162
2468
4927
5041
19184
2846
1639
5855
15875
30336
3937
1709
12408
608
6525
8744
2458
2989
403
6870
3715
571
944
915
2114
4822
8165
8859
373
6641
4858
11935
1796
6547
13179
7214
3314
10595
3278
9603
132
19542
14111
6019
6133
4758
6691
8931
19448
8655
3237
5776
21351
3096
4002
824
9444
5126
7774
6658
9825
11736
11542
481
2073
11277
1672
15663
9670
8760
546
5858
12097
792
3082
8719
3912
1406
34685
382
129
6675
5047
3936
5544
5632
6072
3982
17039
12335
7777
5545
21978
175
8434
5716
1910
790
5507
10989
10784
839
15143
3224
12501
2677
2765
12779
11545
3643
18490
4656
3089
11003
3898
4654
12673
2066
14540
1142
569
906
7820
621
3074
10463
720
3063
631
16258
7371
2521
3042
11632
763
1350
5386
5676
5989
4026
5094
3908
5537
3284
9821
7806
3909
6856
12726
10956
6684
6868
4128
5514
5510
7690
2867
12272
5634
8422
418
3867
10503
7297
5409
12729
14114
5654
4976
6659
292
1241
6305
4974
3327
32864
3693
1901
5105
5121
19791
14932
3918
751
6316
3995
3282
7250
15844
843
3029
10368
8533
12404
8767
7405
5054
2452
7534
11710
7122
3947
6903
26869
11961
12075
5863
5096
16769
7817
744
8773
9198
11229
2034
12249
12711
600
6464
15708
1146
737
512
14342
6865
200
11906
7080
7761
15391
11077
6899
8511
414
5387
677
14097
6795
7706
27279
6929
7395
19845
2644
7211
6398
2168
7236
7074
2958
7059
23790
8182
5792
19372
182
563
4031
11535
6901
11717
2235
43806
2940
11318
2068
1826
11070
13627
4806
33898
3962
3226
6200
18499
10823
572
10636
294
624
2772
8142
2496
208
548
20219
13718
11687
409
19982
12669
5070
162
4886
3923
2794
6391
508
48928
556
29956
5436
6629
7661
405
5572
3874
5474
9234
9111
739
623
3423
2633
7308
1283
6823
5057
6453
694
11591
17736
6652
6117
8717
5623
5717
6638
13391
1293
7424
6721
10882
6053
3381
1610
2056
12481
503
1078
8184
6850
27219
4887
2504
9488
8745
20168
28
3707
18940
7234
3208
211
3697
7691
535
5922
2869
6060
1289
629
11635
7141
2817
3889
10048
10054
3940
6704
594
2278
3919
124
4607
1291
6506
5700
3594
164
126
8218
3949
6913
8507
7674
408
3953
4865
612
4594
9289
3069
1867
10664
6674
1836
1239
5814
4968
5108
2642
26471
1337
6727
5750
2649
4130
841
1270
6122
25365
14291
8472
40982
2606
8094
6438
610
6346
3375
1838
1761
6794
1053
4027
2880
3689
4595
396
6735
1835
5509
5055
21637
5681
3709
17201
741
5767
936
3716
6329
19910
4798
9657
662
8096
3354
2931
8702
5469
7669
3083
8651
5443
3254
7273
3620
4048
533
5592
7295
1264
5066
6532
3961
2790
4975
784
1597
6113
10939
7021
7597
21443
25535
562
7573
3717
4854
6879
558
6276
8535
2972
5689
4973
5800
401
2167
395
21683
3217
627
2804
2914
1697
18188
7736
7611
5588
10032
4884
6887
8828
4856
7773
5082
8986
5506
14343
5072
2832
5946
874
6924
693
3882
5457
6055
940
13036
3025
5086
8732
12348
23933
6650
5058
777
4032
3901
1274
5794
14544
1698
5834
1348
30536
5526
19911
1692
381
5482
7428
827
1573
12504
5167
11747
1290
9340
5539
25480
803
8107
8178
3970
2872
15878
16284
6812
95
6288
6875
402
15932
656
11353
2825
5675
16921
17193
12373
1158
5742
5524
5718
5061
6557
6713
5358
3300
18892
5505
7261
8693
17647
1211
16119
2970
680
8488
885
3203
7770
2228
5068
8128
1287
860
6820
771
9659
1621
1285
10665
4860
671
2473
12343
4967
787
685
8194
1335
13140
1234
5122
3903
6395
1704
19029
21460
5828
20483
568
12262
7036
3001
2071
5868
467
3003
5052
18426
2208
7746
836
62
8508
1702
4503
1259
2072
4861
10578
24218
1074
5876
8696
7208
6693
12863
406
6666
16012
2833
8214
910
6669
5511
2821
5753
11688
4748
1228
5071
5060
389
3256
2762
223
5848
3145
4869
9165
5529
2135
7241
607
5003
8455
5658
5859
3005
3321
6392
3656
5833
4900
151
611
3902
2401
10139
6900
477
657
12253
6902
7766
6554
3969
5075
5796
8485
12270
9383
3865
12071
4800
377
10700
15472
10672
26352
3086
6203
5502
8774
5046
11690
3705
2997
3920
8155
3149
6661
6893
3696
3881
1390
5353
12396
3915
2904
6362
9109
2281
6709
646
2851
5865
5804
5783
2933
11575
1658
8712
8788
6871
2981
8576
664
2784
1261
684
5528
10663
2697
3015
10581
15138
9238
592
6406
9574
9696
7243
14140
14274
1616
416
6292
2407
5085
1715
15356
8345
2331
11738
2151
1046
2934
2150
1041
35714
7402
5007
8109
20273
3886
5074
5649
1603
1569
5519
1279
997
5099
1268
8423
7254
7983
6872
3952
6094
3885
10146
1238
2900
3424
9433
6668
6686
1339
6076
6719
5686
2913
3380
8763
8678
7245
3941
10944
8748
6405
3049
7392
3943
3774
9914
5847
3088
8404
6877
8751
3956
3156
6290
3151
5638
928
6274
3931
8186
1088
11561
10181
3531
2015
2886
2007
4436
1266
3337
12676
11587
9327
7793
11766
14023
1571
12324
17022
990
12371
13626
16951
20601
555
16922
2647
8420
10940
3298
8692
8680
3050
2411
10963
2966
8595
3124
1100
3557
1909
3714
3925
185
6326
19736
9373
12671
13679
10820
617
16076
676
12223
9193
6810
7035
5825
3205
2779
3875
5610
1109
3210
7591
3477
432
5187
6332
37
4497
9600
3007
6817
3593
10588
3455
3917
2803
1156
4379
14355
8467
5604
17696
5723
16576
1452
14056
23415
5641
210
4105
1870
15766
8443
3702
19863
20774
9765
25401
10965
3400
5765
491
4527
8418
6043
1147
2393
6282
3946
1165
7384
3783
3250
18784
19827
9427
5230
6151
1853
14368
3930
9366
1056
11621
2979
3924
911
1987
13361
1871
6310
14257
2137
8853
12497
1823
5986
321
8935
23826
10659
1526
2834
1036
16747
18782
14293
8547
5957
14049
8106
11299
9888
14226
28910
13700
18482
2009
2183
35843
28609
11657
24
2787
13745
10996
13392
3527
2799
20950
4980
8347
4291
10520
21775
165
27
2843
7039
15284
21773
2808
6317
10980
9003
4011
5909
5990
3891
7049
7930
8520
29915
870
2905
2093
2769
39405
21389
12560
14289
7018
27104
12385
2842
40744
10515
4835
38659
9287
2537
16192
1812
6009
8868
10527
8840
2090
12872
14819
3318
7196
8778
1999
2864
26841
9176
5468
17081
10441
3950
9887
11733
22549
5725
12578
8630
15117
102
7686
14477
8889
10825
2811
24497
26763
13915
6760
13385
1317
2467
1225
3539
1680
8934
9604
3765
2178
7040
9380
5842
1855
2482
17379
17458
1820
1205
29176
6307
3998
14912
7262
6340
8108
3242
39407
1863
9279
4805
2200
1451
13875
2145
2105
2520
1445
8775
4492
20339
11258
4
5628
1106
13333
6231
17425
21321
3750
11420
3550
13138
19434
16211
5612
7787
3877
7527
5056
1532
6783
11105
5703
23173
12413
26217
7204
19757
33781
11821
1353
15336
3833
17159
6722
4765
11692
1969
3090
2149
13669
14708
13636
422
872
6309
2858
3894
10205
19432
3421
101
9922
17206
2188
12870
9763
13816
9867
4009
1018
3445
27407
9283
19753
21413
197
863
6753
19611
2820
1450
9294
139
9386
10635
1862
15786
6853
1659
8461
6263
15686
20099
8677
3971
18874
1515
13345
36168
10767
1379
10036
22312
6670
30735
23396
5064
10686
8159
27763
4931
17180
30587
1857
12479
15450
324
32960
804
7053
10522
1576
5813
8809
8900
30354
2518
3741
3159
4601
9041
8230
1020
15582
2002
14171
1077
5954
28963
2103
6949
1996
16070
27173
29166
6907
5339
7047
18671
5625
27903
9281
4480
19296
34367
9299
2225
2795
7850
985
32486
11869
7127
2018
1075
9788
8517
20212
14161
589
26871
18111
19280
4969
1006
15430
20278
17343
10627
28481
32850
25495
14264
2037
6468
9083
1948
18247
9847
2638
14258
16735
11770
14247
7061
11401
8453
11392
1994
4016
7269
2908
31577
2946
5540
8610
7935
6109
5396
8210
19393
22789
2648
14034
179
8996
1700
5600
27994
8539
1463
6330
9575
24575
11088
2735
2221
6345
9331
11889
44277
41873
10367
4831
8817
10968
191
46123
10038
24162
11742
3823
15092
12287
12813
11285
6033
6314
14669
41947
15204
6898
10677
3542
17332
12216
3665
4613
27550
30052
14479
17616
5673
1471
15199
14773
35882
9014
1076
10523
8526
11634
1705
1073
9814
25823
3744
8681
10162
2922
6930
37594
1118
11082
5838
3559
8555
6417
6040
7149
2170
2661
22986
26167
6906
10799
22955
8582
20955
36814
37443
3777
7603
658
9343
18317
15160
35302
13903
8831
6431
18694
12600
9307
2805
922
7349
55314
26117
6766
5458
23485
27131
24008
17970
3897
18239
8322
14875
38948
25950
12814
20753
6048
44590
8686
13414
37906
15159
28228
14793
8126
15833
13386
9296
20005
2655
44608
1023
1104
1861
9384
3955
20189
36323
3059
14675
6926
4731
15136
30175
25812
14387
21430
15752
14406
18323
8804
14577
8336
4041
14156
41074
9631
9357
16580
2695
5980
15958
1869
16985
6911
15384
28541
9616
12617
42935
51997
11976
6156
14625
7866
13573
7140
38857
15357
18022
7073
3888
6889
3302
7361
24171
12929
18141
10461
57706
10021
5606
20136
8197
15796
53299
23324
17910
19843
9240
22227
9918
5445
7961
15988
39517
23825
25400
54504
15220
1522
35462
1485
15580
9939
1856
3161
9949
8297
47939
45683
14412
21668
15675
26068
28837
25585
17858
40351
7750
24452
1679
32131
26410
16773
18109
8544
21305
31834
40942
19549
19953
2353
24274
2055
19425
20333
24354
3790
24992
6101
44648
11849
8019
9625
8706
3131
11438
7463
9339
7006
1299
55391
30118
42819
667
21143
8125
12816
38993
33233
14891
6680
13722
3728
9723
26676
6100
48156
11878
55209
25744
4021
7748
15148
14271
14272
30754
28778
1606
10863
7011
3062
3234
9827
5959
10424
15639
2983
3233
10283
13771
27756
17239
10287
32203
10609
16768
22182
12543
8777
15706
10061
7373
21964
14141
4627
3115
27684
6185
2552
16475
10736
22078
19769
207
9246
8189
14728
17120
7439
5463
12699
18232
1728
16591
11896
31991
9569
26200
28942
2052
2565
5172
16044
34937
20117
9705
32735
9337
10781
13873
31527
14273
66458
34290
9811
7276
14270
14283
7892
27943
13317
7957
6732
822
6987
7695
2417
13882
6062
7394
4338
17821
3730
11212
19507
11015
25393
24779
13071
15682
9873
3634
14975
5636
20984
22466
4410
28428
243
2386
16294
20539
7142
30623
32010
16094
19374
35731
3167
10778
15576
26332
15951
18093
12
24070
19714
1907
3303
6651
19614
18846
14037
23743
1409
16039
25364
8961
24594
6488
19095
19785
20639
13817
8086
10954
1742
2960
16445
10110
11926
4689
12706
3735
24118
4955
16497
35261
10264
7088
7199
2927
9303
15585
1443
9584
8527
9358
13898
1643
19652
22798
35147
9734
4588
43404
10908
18875
561
12646
58655
5123
6634
724
11942
22910
11616
50757
1844
18057
25733
26342
21763
9146
2738
7735
2186
29450
8944
11568
34576
2854
16227
4544
5737
21378
15100
5936
2889
6068
22686
16896
17361
32957
4081
4796
15149
17067
29457
7163
13422
17795
7980
23283
17491
3181
21736
18870
3395
3044
16911
3418
4398
6561
2193
23890
3699
19214
9126
27675
17062
4828
4388
5650
2097
3503
2643
4316
47189
8755
8604
10769
3686
7942
14050
20441
2238
12133
12042
24610
7293
4347
15726
34514
8192
10226
38120
22255
8321
11954
14607
356
51367
36698
8675
15765
10831
8753
11993
5966
9301
36143
9231
45153
5569
4365
25251
11326
2506
17008
8464
5906
1016
21475
5450
5967
39709
5659
18087
42118
12132
5950
22357
996
5752
9052
8583
11931
8307
15427
6358
987
7654
31616
43227
17527
7929
1014
7474
6888
4317
10673
8787
236
3002
6747
13144
39426
8978
39550
9316
14102
30675
31835
13814
2421
14879
38773
15909
10632
10519
41008
10753
12888
6138
54544
13985
68177
17197
8906
2001
9932
6942
8570
8590
16574
7020
18937
47391
8545
33681
20752
443
8131
10874
2003
37714
41349
22059
22230
1497
8632
4554
4695
21145
10446
7536
27733
11100
10513
1124
3219
10151
10198
3989
12553
3751
8714
21715
12013
12130
2952
6852
22833
1518
13552
8325
9022
14157
1033
31395
8217
14496
16150
5786
6572
1829
1013
43758
5762
5829
25320
6489
33311
13174
16313
20915
30879
35179
40771
49995
56938
50018
21236
25802
9214
13742
32214
6857
645
20374
2866
17272
27823
498
22679
8341
58450
21093
19755
29128
13304
18969
8780
22126
993
4960
2004
16929
1574
32759
5843
42853
10986
1503
12129
19813
35871
1997
11704
5317
13794
2608
18024
3987
8460
20064
193
42156
40976
26037
1442
21094
11764
3747
25014
8034
6410
41764
20716
17099
7605
19356
23081
25577
7426
18887
17077
9698
9963
1210
6141
14351
25685
9404
10453
13733
14434
41163
11484
2420
171
31700
4434
14886
1748
9388
4730
1514
45373
31996
13662
10227
5316
573
11537
11894
14250
22906
19049
1983
8874
1992
9282
29052
25724
1042
5407
3785
1519
1520
26242
93
11649
6054
12475
23362
1081
1218
33227
14399
2610
8976
1043
23616
12190
6418
6531
36443
176
9826
9991
6419
7501
20155
6400
9820
3893
48451
65547
18365
32905
38514
15218
30155
17133
12597
44404
27953
1415
8699
31165
18721
30025
27442
17497
25205
44071
12265
7023
4425
19616
5202
5272
19099
44958
53689
60309
28692
3140
8263
9642
9510
32417
17468
1067
1984
2021
3294
7730
16607
2020
2831
2874
19991
6569
25582
6896
4981
8915
31066
18497
7917
27385
17266
33697
13818
5025
2615
1047
14622
7275
6846
7716
28646
8521
3754
9277
20061
4609
4622
31869
17687
5645
14957
3396
10063
33552
7797
12076
3466
44103
13674
34678
8552
54777
15013
7506
13510
6826
38062
48984
41648
6237
19825
4321
13077
18174
31424
27786
12922
16777
4634
4936
23270
12246
1110
16038
1842
3403
2012
12359
4535
8715
24549
2658
7104
19471
19729
16771
2543
3749
21153
2662
12836
11937
15538
15369
16043
14319
19737
1900
12721
17058
19009
9273
11552
16668
2616
12588
46802
4943
9381
9115
4902
11887
74
33350
10253
25228
11803
11449
16839
13456
30021
9332
15202
1747
15146
15362
7338
42460
36674
12696
23139
5017
23759
68837
16549
2764
5276
2086
643
23711
10694
11499
4477
31250
19850
35481
1021
9617
49463
7742
6252
5969
3160
6534
3108
1517
1068
16762
55008
2668
8408
14031
11423
1970
12206
2008
18670
11270
3733
15731
6712
34331
1617
12741
14072
9128
11619
9571
3734
4099
1032
31762
10418
13348
12558
6772
11510
13165
3047
2708
10126
2887
1528
33448
3653
24741
23684
14143
37983
31675
14118
15919
35063
17418
11391
9878
13052
1154
42193
2967
16072
5924
27820
18198
43650
50509
27154
18011
13736
25530
21904
3211
4611
2510
9889
11012
11796
14696
2022
1344
12519
8866
6946
5965
17088
10749
3842
33457
8425
12550
14338
16966
6874
11588
8718
2954
10131
39703
1071
1009
8445
8185
9895
12222
28486
19240
32022
1028
9892
10964
8895
24128
4658
13594
55210
655
5671
7619
2080
16524
28964
25842
16879
13056
4707
268
5779
4391
25560
24481
11008
3238
52737
10815
15318
11661
9863
8905
11304
19093
29483
18301
9153
45866
20381
29383
18189
134
36464
34422
33033
23375
10797
10274
8792
1060
2541
11418
23242
2019
48581
4058
6017
3355
12680
5911
46837
5242
1092
7286
57682
740
20499
1332
9639
5120
3951
9881
12662
6910
29266
9816
9577
22215
23659
14109
3726
33058
15426
19246
14096
158
6328
6739
1343
1814
15262
12544
5354
4852
18539
45816
30172
3285
10607
13451
10654
47703
7271
20812
3719
22091
14699
25379
26601
6452
7634
1377
10764
12684
22502
15850
19203
6322
5548
11160
2813
1980
172
4677
15121
23229
8340
7814
22677
2014
35332
14709
1801
5811
12707
6831
7633
26507
6665
25745
24621
16074
11217
424
5224
3012
31438
6049
5210
1523
34681
7786
26909
17605
982
13290
2582
9379
221
27912
25476
23370
5512
24533
27156
13514
6567
60146
39143
35474
41900
28181
5720
12002
3068
20572
9996
1446
18521
37012
63818
2023
9509
19561
22993
17599
22374
27136
9783
8497
6368
29948
12340
264
583
5956
5947
12344
9015
5976
4941
4509
38965
6947
5973
3731
1157
58820
1444
24829
1090
9915
17366
13568
425
6552
11825
11583
5955
10177
1301
3027
47181
19920
9181
1055
6963
19610
6635
9877
21856
2540
11316
21847
3619
5
2006
10047
19123
12334
12818
25935
56710
18933
11810
1668
10107
20561
23286
16522
17237
12452
13102
8137
2754
2398
4339
18813
10366
15102
9387
23651
34315
16303
22608
12085
24038
7093
19397
20370
5948
4657
1117
27413
15499
770
11814
1868
5483
16057
23408
35671
1666
39145
5240
26299
2128
13891
1101
11812
53658
12307
24802
2199
1012
17411
15455
981
15251
6654
3076
15800
8196
9338
4325
598
9845
3287
7406
8721
15870
4911
40735
13080
23131
13969
890
35622
8440
12379
48512
22202
13350
5201
6821
11673
49195
4687
1729
25391
28170
14631
8564
29332
17817
27503
1220
19308
22943
28167
19480
5849
16063
37465
8870
9309
1003
1037
13122
37475
42116
36242
16659
619
749
12386
16399
194
1095
12040
36963
714
8752
4957
6450
1029
1577
6764
9341
38208
14926
33190
5484
8635
28519
22177
12443
8187
32991
1007
2687
10350
3801
1575
5968
26780
7056
2816
9704
55
20125
15003
10093
3067
9481
15457
14045
1256
51135
30314
6622
21362
20085
1139
25703
43795
58528
10733
4496
18316
1125
8228
5617
3564
8923
24261
5763
21961
8865
36298
995
1102
8892
33047
11791
1070
25964
1050
29482
34421
11890
9601
22018
24292
1122
34135
16955
22985
5527
2505
8941
24717
14714
8705
12143
3771
9155
1973
1114
24719
1096
7568
15634
1065
14713
10383
6579
19488
17716
13752
17049
13717
18443
3023
13092
3081
8092
5327
1258
2910
12540
41180
14604
20592
9843
17230
9190
5897
51331
14115
3681
6003
23578
20616
1223
30341
18773
10666
28159
22142
5896
38181
13616
37109
10927
25969
2205
10573
24871
17752
29807
10638
4486
21405
20751
14704
5817
11183
21864
14022
3723
6671
45984
7991
1001
10316
1982
3789
20330
25537
1103
10242
17653
3729
18967
15721
13403
189
32683
4837
8728
8038
5784
7416
33828
36267
66254
248
12189
18732
18421
417
2485
6390
7749
32610
15803
52940
9778
18
4564
26460
11387
19341
27954
17986
23113
19382
22725
25218
31649
17073
30179
3080
26046
10553
9487
3022
35375
12486
6389
4962
34099
23398
1061
2943
1000
2564
1015
10280
1022
7470
4670
8772
17173
32780
13531
13421
16959
30128
46617
7415
29848
33048
7033
4838
10202
8484
11784
12473
6811
5626
28842
2797
38652
10967
11837
20840
4818
23401
8438
14200
22959
21947
14060
12842
41127
47
15747
2242
10433
14077
7502
32450
12153
3141
1721
7248
3860
4953
50925
48460
21201
23045
3807
29973
27205
24463
40039
11666
9612
371
19265
14583
2627
1119
14210
21108
8252
4946
6313
15259
5837
11856
7242
10837
3835
2074
8518
30787
11914
4003
9614
22048
11786
14372
10619
18409
20844
3474
23117
21188
11515
3512
11998
7005
14703
20843
8138
11383
18033
13975
13924
7493
36159
15221
35643
20402
5532
637
9534
23880
42972
22645
40642
8085
28266
12044
10875
6710
2760
14316
25911
4361
18588
8703
16877
30604
17214
7475
14420
22085
30996
47591
16846
2605
11607
12314
5141
19031
20839
192
9680
4954
5826
9789
15809
5751
33410
552
18215
10302
10622
5264
22233
2860
19336
15847
23360
27039
23266
44703
5835
14785
20160
10618
8708
15484
14408
8441
366
7807
25309
11483
23455
22222
13319
41451
25709
33999
2132
7013
22932
22721
52796
18363
42449
6255
7643
22478
17170
26673
11548
2839
11746
33814
24421
9688
5291
4144
8224
2696
23336
43949
8556
18399
25674
6636
16536
16384
9708
13475
8607
26528
36325
49874
759
17167
21418
3185
6269
2404
23832
6981
32548
8168
8227
316
11264
10621
1051
7198
12552
22181
19808
3701
5580
15184
788
6466
22856
15536
44009
9646
2215
7252
19631
6295
18213
36794
28654
2893
40823
14015
35632
7081
26077
10216
10637
2339
18326
33679
9678
10104
41716
20235
26036
27137
19947
1570
2982
6123
2586
10658
20286
22431
11922
4426
13224
23500
15889
1866
20814
31943
20084
559
4727
17848
17503
1663
27121
21058
13149
2727
10109
15589
10076
19380
13412
7856
17090
33791
5103
5812
11289
9916
20124
22254
426
23104
3374
1084
12274
4649
12482
12585
14766
11999
11888
8447
1219
18128
18488
13659
6297
19408
4757
26662
2062
27659
7790
31262
23039
15758
25593
11633
1791
25080
37418
35539
2961
44153
4750
21906
14087
20417
16784
32791
1083
11512
7689
36672
42528
17683
25436
49
26572
11408
12708
2036
19400
8628
28865
31868
12398
49976
346
8698
5418
9092
255
4355
196
4392
8515
22298
6967
20082
10108
423
9033
24442
20900
4756
8695
5609
11727
1113
8061
13357
4049
1828
23337
22042
1038
3216
8287
6254
5431
13040
11462
24952
17743
34016
17323
5204
10669
6730
8405
7950
1676
19444
37298
8864
27244
11655
6738
18812
5051
32252
15768
13467
22263
37451
9101
11699
32787
16742
16635
9751
8030
6262
7659
68245
23732
23118
19181
532
2426
20742
24953
4715
8881
16825
30572
8776
50741
76
5821
7233
29574
24951
683
21306
3409
3104
17739
1019
8736
1795
33677
28182
8283
21688
20901
170
8091
113
4600
1093
27101
7427
17196
6720
38970
22900
33041
19071
11874
12081
1888
4770
13490
3163
8690
14165
24986
21980
9801
37894
8602
9259
2720
10247
16359
4839
11452
17245
8667
10379
30643
36801
11758
23438
8257
13595
50447
9415
28894
26864
31403
6800
15468
9945
7336
3179
16394
2039
602
644
30892
1004
3933
10904
1307
1821
5891
16338
16483
8600
23323
24600
28314
14935
3006
8439
27670
4343
333
16393
10612
2964
2937
5846
14151
23919
3070
6957
8937
27000
12682
8723
1822
11302
24740
9395
32081
9738
11879
11715
16756
23914
44194
9546
26536
19878
14889
2327
11244
35465
3061
22183
11453
22335
31592
5247
10118
10867
10085
43705
31531
2454
5175
968
67637
32250
25763
1985
6485
14310
8989
1813
6895
1816
10615
30299
38043
33271
1805
59456
8487
41545
5390
16645
9389
40547
56675
13307
20015
10613
26556
14561
35429
45822
1818
7941
6862
5862
20714
12086
11612
21844
8620
10740
3844
14104
15904
23564
28067
29590
31601
32401
36849
38515
39236
45835
47903
55723
55995
59052
23626
10494
15393
6781
4662
15623
14
464
7266
18951
5134
27420
17526
8285
14591
16630
8122
11875
18351
31421
38980
18398
1488
4759
14948
1425
1800
1832
615
1806
2774
8966
25446
1819
26756
25595
24060
23765
12378
28014
10893
16915
388
21702
8174
13442
2928
1807
3683
5073
31724
1746
701
5764
10902
3485
30259
21061
4889
5359
6025
7109
9044
44506
15532
46161
4403
3492
12648
17287
26860
57027
10832
12616
6338
3105
29981
34308
39195
44997
54626
23583
37742
39904
41422
6152
78
10172
5642
2016
23731
47392
15845
14480
13277
19037
22310
10505
50392
25606
8764
1833
6966
36133
6960
27212
9773
42845
22484
24587
63328
6733
2976
3162
10645
30446
22069
10841
6655
591
2153
23970
1094
18354
6253
704
9796
11518
19103
5459
14326
8983
33292
22211
18781
12647
10911
12807
7134
19775
10261
24678
20449
24895
17476
20166
26361
41918
5870
12150
34543
20424
12654
1770
11752
7469
2850
5958
7400
13798
23836
2987
9869
7628
28443
5985
1623
46528
41792
34055
17051
9983
15068
28092
43716
27770
1604
30224
10100
7547
35974
23839
4575
7378
19128
10681
12152
8017
5016
32869
705
13162
32837
27829
45456
38495
6965
2111
1831
12155
1916
3101
8543
7120
9570
15861
15368
16860
9686
3257
16506
24075
18561
16217
15839
15228
8180
38853
1889
32781
7946
5437
10961
12115
8664
18563
13283
3580
17014
14730
15775
19153
23476
28464
5015
27080
6938
13248
27074
11957
32980
23088
12199
136
57304
23499
7486
24671
13948
10290
53779
27373
17734
2248
10824
15531
5165
9780
11751
6940
9496
13153
11185
11708
27624
3106
1897
12489
13720
8309
27368
12221
25459
67606
11916
26133
7556
17841
34655
3143
9424
24676
27022
29319
2129
6397
12380
26845
20577
31121
34760
29431
34835
36561
37267
40596
17263
4489
7210
26567
24456
57401
14296
26677
20102
21311
24646
31038
14955
22016
15685
2763
14835
2923
44126
17106
17801
1011
25784
2645
28273
2063
31911
34506
9125
31555
43321
16539
10129
22887
2076
19118
4578
32534
5159
3748
14005
25065
11267
8529
2252
26604
33805
10848
3164
4306
10601
5771
21925
37255
28836
8225
18432
28257
3148
6369
938
8167
7075
20234
21066
31891
8932
2434
9862
7566
69275
52246
23829
8537
9006
21271
3172
6992
33400
11590
60062
1186
39605
10018
24799
44975
5267
67059
67061
18985
12395
12106
20308
14662
24254
9598
41068
16228
12939
6470
12925
22008
40628
43291
27968
3737
13635
30994
2911
6477
12360
2916
12580
31644
49727
19131
7277
2837
1440
11536
3247
35269
35626
20251
20923
12913
11572
10647
75
59905
3868
2307
19122
19703
10917
13208
24087
8596
15927
51987
37396
1025
13723
7580
3315
2826
19980
6595
9513
30287
32834
2771
6069
3558
14424
12012
22506
21438
1400
20230
10707
16352
52101
10245
10530
13197
19335
25927
27464
41944
45129
53615
14266
8548
988
42086
14294
20748
28822
15343
21689
18826
6964
19121
4416
19194
7448
6006
3263
27369
4775
22221
10257
3746
4599
14748
16673
2308
2936
22459
31481
25953
24846
10106
50440
11980
5857
33956
42698
3128
43656
27844
27226
17205
18464
9
2443
8333
8219
10699
19247
13892
15842
15896
16679
23997
38416
50338
9760
44525
22435
10101
34272
2847
39189
8301
11946
13066
21528
39021
16599
22525
7351
15949
14179
19482
24602
5111
23667
7396
4389
48483
21711
21902
21294
22527
5132
4559
21930
4676
23634
16046
1311
30688
1903
20516
4586
18678
27450
22436
348
28555
49267
1850
12649
15037
21939
17262
20159
17162
3879
17013
16469
14927
24767
3
31802
24795
1121
13699
30458
10186
19375
12457
45570
25901
4612
33379
11845
8066
27677
21580
13789
20788
22813
28093
9269
38904
14276
29296
26549
27664
36641
19817
2758
31916
14525
15855
39664
50959
1849
10091
6035
13011
7203
17531
28622
23135
21680
27452
9133
29016
42069
28570
2955
22296
8365
6923
1402
31183
16859
19426
7744
190
30889
21955
41726
11128
8793
58944
51924
9516
8412
38938
20276
19625
16853
44831
20404
1854
20401
27232
5798
46409
15594
63433
11060
9385
634
6228
10057
33806
24561
17218
1338
8691
44604
8378
37358
7459
8459
10885
9061
1955
16854
6148
27180
2674
21509
30129
13259
35508
10886
8275
23673
24769
15514
32745
8742
23609
25283
11336
27974
35604
