163
100
96
420
796
383
91
209
1298
795
547
933
1929
975
2030
1394
1319
1709
1598
1883
376
949
115
500
1981
3706
1447
1082
86
1257
648
92
362
2333
1925
689
5623
776
2163
51
4450
3283
2494
1354
411
5507
5534
3962
453
5716
1163
509
2124
1480
3278
2000
104
865
3405
1196
775
343
3262
1971
1078
811
410
957
2066
1836
1041
1599
772
1825
2497
4473
1237
1482
778
2473
1911
2712
145
4428
334
1830
761
807
2525
1302
6673
5881
374
1629
6316
786
4849
1335
4848
4844
1293
2427
659
1040
3937
5054
2469
2083
936
2761
3721
3352
828
998
81
1145
2168
1809
2206
6116
1476
41
2232
1706
1622
3972
716
3286
6639
3921
6652
1286
1559
870
868
994
4866
1373
1693
1934
3970
1555
4873
621
2015
3282
3720
1877
1066
5053
263
1330
2642
399
959
869
4793
2463
2478
155
1750
3608
465
6041
5536
137
2632
4017
8107
5856
5071
3360
5040
817
1285
5435
6181
6326
3841
370
723
5452
1858
2644
5878
2058
266
381
636
3553
3845
1318
1589
518
773
5044
875
3941
3576
1277
4927
2522
117
2492
1046
769
1594
5539
3797
7377
3614
5694
934
1600
33
845
2098
4422
2677
455
2464
3199
2319
6929
82
4412
1885
6299
767
1651
6493
1093
3747
269
4362
387
4809
805
3727
8455
7137
584
487
1908
5122
915
3531
1703
2001
1785
3898
5997
3880
6663
6731
3896
1227
794
801
4368
1812
3236
4855
3974
9210
1957
46
7128
6122
2460
4967
7268
2591
7036
625
2330
135
88
414
382
1241
1036
144
272
3952
2351
2783
604
2471
2843
1735
3217
258
1950
5223
6727
908
4739
3892
1466
4840
1879
686
866
63
94
30
6079
2833
3928
1469
6879
57
5105
1260
990
3965
3422
5178
1341
826
3038
7117
955
5099
176
1576
2730
2235
1179
2359
2488
2266
2524
815
664
1793
7975
123
3083
3112
831
2143
997
2194
5603
6060
1784
3237
72
942
726
2683
3707
1238
2324
5661
819
944
5097
1541
1160
3907
5545
147
1702
910
3881
6950
1339
614
280
1399
5387
3919
171
1247
200
130
4975
722
7509
5753
52
7706
5917
1734
1964
5854
823
132
5866
3474
1597
3953
937
4856
1460
1079
6312
3650
403
612
692
2481
6067
1109
617
3715
378
3423
202
2188
1987
157
4031
377
380
5436
2159
4329
3668
6813
737
1504
981
2975
3958
7967
3940
849
2154
946
651
7766
3929
1375
569
2260
5360
1612
2135
1994
3466
2185
832
406
7236
1418
608
1641
4974
1660
2069
6555
430
3073
12674
783
4311
1527
3750
3094
2425
7420
4503
2804
2970
3521
2077
7395
172
958
1569
3918
6315
1999
6409
1626
451
5809
4130
1053
3337
7081
5466
1657
1268
571
995
213
11388
793
4601
5618
10210
3461
813
6178
3870
1495
3708
3400
785
2413
1910
508
1229
5043
194
3800
3774
6686
1439
2345
2403
7424
4471
160
4979
2071
2432
2003
1077
4549
4014
2146
980
7264
1230
7171
1088
507
3874
1320
734
2530
1187
3535
1074
2743
3916
3912
2872
771
3895
3507
489
3869
3806
3636
3886
3486
3375
1863
2851
6460
5634
2268
4488
7239
2134
5167
1051
159
3517
1234
1932
6682
5760
525
6661
4544
98
2067
10328
827
3498
1204
6288
391
8266
1033
8751
1408
911
5085
707
3865
8763
6601
5715
4207
2532
2905
1491
3885
6290
2989
2393
5530
205
2782
2270
10738
3480
2516
1801
746
1282
7773
1287
1020
5959
3655
3408
1821
693
4109
1642
3153
5224
755
1872
5046
6693
5546
6037
1162
616
11984
3648
1577
193
5472
2144
9344
2093
13084
5842
8369
2254
3734
28
7049
5042
3373
5858
7254
512
809
7820
1348
5263
5886
8041
883
1993
10463
5761
60
394
6151
847
1009
1424
5742
2271
5187
731
912
1125
1814
5096
8668
3478
1690
7039
3479
1010
2880
777
2200
2182
841
1002
162
8784
3072
6816
1235
2468
4548
3475
397
2017
3969
10939
3696
6721
4870
3792
141
4882
6405
3875
1225
545
1326
4105
462
5126
491
6276
1213
6649
4467
803
2019
2314
640
99
5055
1442
4482
5519
1826
5859
4857
3492
6055
2662
183
1340
951
2500
8423
1169
1823
7061
3449
3547
6043
12485
821
1019
4032
3723
8318
872
2197
939
1486
5873
5800
2606
5072
4604
3920
5094
218
904
3293
422
1261
3731
4045
3777
2224
6014
3369
4995
1755
5745
299
833
1205
9585
6133
1161
9111
7943
3818
2126
6427
8057
6823
1658
4885
1820
1818
935
7108
1715
1687
2203
8579
3467
4980
5353
1625
2452
5041
5176
6310
1390
533
7106
4546
1669
4465
2649
1571
152
2047
720
2981
3773
5629
1068
5181
1805
5406
7705
6113
2718
1942
4353
5059
3922
7136
361
3666
7859
1450
5668
732
2456
2281
161
4799
7726
2784
3733
2753
4568
2980
1211
10803
721
3503
6289
3903
1098
1207
11508
1108
836
774
1764
5828
3499
1158
6666
1692
14540
11891
5254
672
1146
3379
4925
738
6293
3751
6329
10664
3462
3280
8696
71
5476
812
810
3421
2697
5632
1835
5610
3767
3555
4240
1773
1032
274
2756
1822
1215
335
3526
8811
1990
757
676
1448
6487
2918
5657
7047
4398
1763
3398
3906
1141
1142
4869
8424
5765
931
214
3416
2504
3741
506
7432
1795
6550
2617
196
6458
5199
8676
3399
8767
1312
3887
8412
1095
8716
3527
2579
5628
2151
1035
787
408
3208
2476
6040
765
188
8642
5489
95
8109
5464
8764
3801
8655
3744
5356
10512
5855
3226
9364
4552
6809
853
6684
322
2933
1639
1167
5622
3074
6054
1811
2422
5783
14654
1588
8933
943
7993
1263
2272
5700
5923
7121
2180
4487
1470
8215
806
7662
3764
7761
1018
292
3840
1384
5833
7772
16576
2747
6888
7294
27
8595
110
6891
1799
3505
3871
1347
3934
386
2901
6893
191
1893
4607
8420
3493
12383
2647
3459
336
3318
4884
2446
3185
3883
6018
4448
677
452
820
657
3203
4725
3557
3383
5531
9867
7456
405
6443
1573
635
3735
4048
409
5885
10205
3891
4379
953
9821
1659
5261
892
2241
762
3187
5776
751
164
5502
6056
3989
6191
5658
5615
6026
5663
1740
4609
3086
846
4765
1289
1284
4502
390
3378
1337
120
250
1106
2913
5717
13794
6925
1679
5057
3946
1815
6114
7759
7381
4569
3310
1056
1832
7092
3386
3978
3407
9696
2616
2139
1113
594
1239
7153
9027
1266
1122
373
3578
3879
5070
2984
1357
3108
1696
6706
4863
260
5594
1708
229
5743
3534
7234
12711
5469
3242
4781
1264
2435
2624
1219
9952
3532
3509
5227
8681
13036
2198
9373
6669
607
129
2486
2528
1624
2397
6899
14109
121
1884
262
3525
4504
8867
3926
3516
4291
1156
5865
6362
5813
3740
5479
13117
874
3468
3197
3518
7597
1107
22
5853
3765
2792
8156
3995
8155
2898
2008
7538
2610
7660
2515
481
5086
6675
10911
4499
4474
2208
1796
747
1455
1909
3613
4577
5050
6094
1901
5883
548
1465
3050
4003
8600
7053
5987
1806
8345
8584
3413
7959
753
7425
729
3915
8859
6871
7149
1853
2332
835
3300
2280
5803
1067
703
158
3088
3166
1236
1592
1983
4886
1520
7669
808
4595
3635
2004
4996
4973
2247
5954
839
3284
12253
2795
10044
5481
5686
3960
760
1621
3748
1452
1147
1076
2858
1015
2299
3149
9282
1402
3519
9433
3652
10520
5388
4985
11208
246
4862
3739
8535
2234
4527
6522
6518
7118
3382
1462
17647
7363
1700
1468
1350
6632
3780
8218
1249
2257
1652
8436
2954
9593
592
4493
1111
5491
6895
1868
2096
522
514
5506
6086
3889
4711
9022
8775
10940
300
1712
10944
2161
5731
2467
3256
1454
8414
2362
1484
1050
6753
1075
6317
2794
5169
7438
2614
14171
11041
12863
11893
10503
1800
3030
4978
684
1492
1593
9895
6295
5767
5538
10968
6432
682
741
3090
8577
1323
646
5061
7040
6862
1190
985
4625
20751
2147
581
5863
4858
2952
3381
3270
5600
1564
15039
5948
5058
6461
8439
3305
3025
2267
5869
7276
4792
5048
20843
1653
9230
7411
3508
2699
1595
733
3711
9369
3294
3522
5975
16012
14343
6481
20844
12658
3709
1870
1936
527
3533
744
10242
1646
3477
8948
4582
1026
9493
1006
844
2543
3545
3588
1092
2046
5573
7208
7474
4554
3717
360
13206
1042
1813
2186
3795
1172
1317
2541
6571
11265
6812
3938
814
9944
15708
1014
6335
9691
1291
9203
2487
630
6117
6059
5969
2170
6913
2300
3579
3359
2256
2762
4322
265
1198
5675
5256
5528
11715
6392
8748
2787
8833
5793
6653
1047
5252
5937
6607
6947
1475
1675
519
454
1100
1807
6011
1474
14274
4899
14714
6045
2136
2141
10296
11111
1300
5186
107
1426
4867
3901
4374
8182
3536
8418
2145
1635
5935
1904
4323
993
610
7821
8858
2367
8533
11
11710
752
683
10636
5687
17173
5834
7129
4352
2888
7763
1753
7768
711
2850
2370
10220
5703
13627
5693
8
11542
654
1267
4734
11959
3670
2031
5457
556
5733
3321
332
6668
4923
8488
3515
6282
4440
3494
398
770
7082
1459
3510
5723
10266
4594
3089
902
10700
2338
3601
7245
1969
1992
12477
5259
521
2158
4905
1395
5509
7623
4928
3783
6657
13308
2874
5605
6958
8485
6304
5654
6052
6712
10323
8765
9365
4524
5992
3728
9775
1997
6965
20219
4470
3838
2012
342
3157
8680
20842
6012
8576
5990
5988
3726
12855
2183
8096
9916
1954
6984
2187
2900
6106
7746
3647
1574
1370
1483
4676
5804
1087
8252
6930
673
1003
5471
9658
7901
345
7396
288
18305
5540
1069
3389
6830
330
5973
756
4811
6459
2340
2149
5514
502
5814
510
3513
6438
3049
511
956
6446
691
3162
412
5778
3799
15457
704
5104
11513
885
2577
8816
5544
12893
12373
5135
11121
5124
3003
17426
5219
3575
7356
7532
5831
12501
6787
432
2045
3138
798
5198
816
5238
295
3910
2755
824
7799
7148
5209
5253
1331
1943
9680
3367
8361
784
5862
2073
1681
5689
8690
2167
1509
7674
6218
4377
1561
185
4670
8697
447
764
3742
151
7464
9670
13678
4598
10527
5003
1522
611
2002
10732
4393
5646
6449
6445
7997
1096
526
5021
5066
6892
11045
5023
5098
4350
4878
3927
917
1352
1117
660
996
3787
316
5060
9294
6797
701
143
6903
11610
5361
24769
6578
7539
14856
1081
4698
1414
4871
3124
3878
5592
8097
427
16666
5963
14549
6685
4814
8225
4466
9197
10177
8563
8220
12127
2110
8951
6767
1842
8772
1570
4539
2341
1423
1479
6735
6009
2423
4447
477
7830
3905
8147
1456
4761
2148
165
1366
8396
308
1919
7191
1931
11628
8375
6877
856
7736
14105
1617
8050
14709
6956
3789
1478
4016
5200
5515
9452
3406
5631
1648
4491
941
6838
8322
10139
17169
7977
6358
7752
3066
6791
513
339
6717
6162
13401
3793
1760
9840
7299
7514
8738
8373
3994
6711
3612
245
4387
6651
1392
11013
663
12263
3385
3699
3628
6036
12227
13785
2482
3485
5089
478
1232
5474
16083
20149
404
7802
2157
7151
7476
4620
719
12239
7583
9095
1498
6141
5709
695
2245
2887
529
4490
1584
5616
4376
3201
5955
6104
9574
4802
7793
2184
1433
10515
15531
13088
1873
3738
9444
4534
385
4984
3163
14
3458
3811
4348
2411
3317
11801
211
13250
1782
12157
15537
10437
9092
6124
6327
3572
446
7460
1188
1765
8230
6792
2020
6313
2825
1499
21921
6085
10725
6053
4364
1927
17201
1532
10663
916
6424
10591
2088
3454
3404
1425
4735
1487
2826
9254
1412
6188
1058
14846
11826
1637
13045
7313
7126
578
1203
782
8184
6437
4313
2693
2258
10131
977
2303
7954
1984
2930
6744
11082
5473
2166
26732
6509
2988
2103
6465
6886
1276
2240
3060
1980
6371
11646
671
3062
16474
8190
6198
7461
1374
15356
6229
10757
10206
8559
15127
6490
4800
3298
5412
5957
5505
3821
7534
11579
6795
13
9193
6294
3020
11859
16352
4314
3482
11290
3015
396
7971
13054
9500
12360
3077
2475
4392
4399
696
23058
3963
2323
7369
16810
1405
7260
1688
987
10433
6845
2807
8868
4529
1761
8979
7139
16178
10967
5359
11688
10216
5766
4668
8651
2043
1894
3111
1004
6072
5431
6704
12872
8165
1382
5532
5836
10705
5280
6495
1457
6345
3411
28550
103
9109
4023
7091
576
3592
10373
3496
10278
7002
4633
2213
6456
1165
311
1065
6283
9100
2943
2344
1855
4673
1080
4336
22717
15229
3151
6402
4012
11336
243
6066
8090
7235
40823
5601
8945
5183
6175
7483
3577
4778
9285
19131
505
14373
4498
9061
13293
17143
8415
7789
192
32805
238
10347
9097
10653
4510
418
1084
4680
5433
11980
8932
17323
4324
10802
10263
7308
2769
3956
627
7056
10054
2199
15123
2335
5151
843
3356
3873
7965
12028
7398
3737
2216
4965
7533
3091
3064
7111
1786
28093
3412
4808
6118
27981
3435
6563
8628
8589
8806
5852
4046
5168
3268
8333
5848
13451
13123
4328
125
3603
5305
2189
1774
2491
12526
9828
4986
4434
2729
17219
16468
5245
5572
5405
3749
5465
5588
6008
128
26682
7536
1905
17164
11742
2026
2537
5840
3594
2886
10391
14732
656
1155
499
17043
5363
11324
2904
1458
2477
1737
4922
3051
8070
2190
7540
4608
6434
7810
4940
6630
2287
1816
23691
16421
638
1548
2978
11967
17814
13885
13073
17848
2192
14190
3110
15776
8830
8063
5108
375
5306
22410
7866
8762
7637
7881
13773
15794
8127
6540
241
8248
3925
649
2800
11760
9751
7742
2316
7292
5082
1833
6398
13951
7194
10435
2832
11635
4572
1327
7304
5922
1481
2893
3147
14054
8740
2786
105
7433
4709
13165
5423
2837
1336
9379
1547
2218
12312
1852
13233
2934
1253
11575
11002
240
2947
7860
8142
8430
1410
8572
6006
25628
13692
7307
9316
3582
8843
30407
4618
23715
14079
13344
743
6021
42
13986
27000
6200
6588
17382
4526
6467
8292
7459
2771
18830
7489
5148
11744
27677
8066
3902
1892
7418
10438
13083
1754
41451
2796
11405
6231
4468
1827
12345
8929
2817
5555
14385
8270
560
7007
5251
2212
3219
8782
6627
2941
2597
1579
58
2191
748
493
2931
3445
11620
11433
2511
2177
11660
3826
6549
6824
838
3229
17516
8256
2779
13211
19561
2399
9096
1531
1749
12408
15987
10612
111
4743
1064
11545
11075
1953
6385
1461
5045
18255
9882
1724
1329
1274
6782
3866
77
7914
15480
14033
40
6417
8622
50227
2496
5444
4536
15797
9516
10924
10370
2553
8194
3967
10405
4596
1488
20089
9209
20887
18892
6932
18909
10763
20882
6697
20574
9047
39759
8507
401
2222
11914
9522
33139
7354
14995
11866
3686
14258
5191
45870
2570
15945
5494
15260
6015
1110
21637
8950
21014
10276
7030
14667
4561
1711
5062
4028
4836
9338
21139
5425
4819
11909
19242
7652
17002
3573
10799
5780
2720
8281
15610
9358
9917
5900
1199
1828
2633
11340
3743
20607
10049
2484
24892
12117
11876
7764
1691
12697
850
5197
400
5524
3909
6207
4570
11004
3637
5794
15057
6963
9136
1175
4712
7220
3609
10468
17830
8357
28266
13273
1590
2102
3152
27635
2962
8466
4721
7630
4456
12483
19287
1496
7729
7405
9276
13183
12428
10186
8399
20656
766
1896
33035
473
14956
3024
7087
8666
8285
5877
5830
6605
6239
12447
9420
15138
20988
7599
8462
930
36464
7226
37
9608
8790
13426
3401
4703
3964
1616
13425
6729
14876
24550
9644
14144
5825
11380
3076
4942
7287
8213
21396
283
860
8496
9165
8517
8624
25261
14180
6159
2608
12348
12914
10275
16341
14030
3065
1949
11458
20834
7857
11053
6172
27156
27996
6774
7502
11418
10551
4394
7229
13736
19544
6650
3324
23793
16
29578
12798
27244
10231
1094
6444
7025
32980
6878
17525
5797
4752
7966
7512
3831
4636
6646
31
35643
2426
22497
5584
5207
7643
11112
5015
11350
8180
5681
11475
20036
3762
6584
3119
15996
9131
20
29948
7051
6641
10956
2680
4938
12193
9498
6270
800
12888
11627
19122
11435
19382
3363
2595
10475
8502
3450
5018
319
7113
8610
10299
7504
6680
2548
6408
1063
12251
4494
14159
2087
12898
2225
3700
16640
20965
19200
4026
15285
16300
1028
4968
1322
12007
8450
10453
4365
4742
21848
9660
9591
4678
5516
6825
15395
11940
9372
28822
6107
5551
5860
4695
11008
7917
14342
341
12653
6346
12788
3456
416
11717
1194
11489
363
9377
3677
572
169
1757
2687
18588
4320
9911
14506
18394
14944
7273
13491
9180
16326
10477
15780
6609
2912
16839
7163
14313
5163
13264
1766
14332
6868
7443
18259
25660
4782
8901
906
12187
8774
10169
2572
7985
18744
6967
13761
8564
18767
8586
32592
51468
2966
7628
7521
15714
8861
7666
6658
1420
8293
9990
4605
4589
2282
426
4107
634
11736
7584
1537
13837
5413
11507
781
5171
10597
730
3342
10882
13346
23316
12520
7939
8253
22205
10731
1838
5868
20456
3632
8385
34365
4145
9948
6644
1437
13579
21584
21678
3366
4893
30996
12543
11291
16415
11499
24422
26976
24911
11397
25530
10457
10704
1295
6872
13841
19028
5792
18148
10340
3542
26634
7775
18615
364
10581
11085
5402
102
9540
10149
9499
9707
4459
150
4479
7868
12613
11162
5835
12844
4369
3961
17855
5759
6484
8277
12092
16205
4571
10043
1662
14209
11996
7382
1699
23336
914
3730
5728
3785
7561
7687
13285
15261
1665
26789
2842
11244
1633
3419
5339
5945
13852
1788
10386
4797
3444
9088
8234
16855
7898
10362
10955
3724
122
791
27684
18599
14007
479
22502
1259
27320
2702
7057
13138
13560
2388
2780
7819
9546
25093
11398
7956
16436
13365
5946
20494
28894
4681
10972
20441
22390
1517
3205
3380
17853
13487
19409
670
7021
2640
5919
12691
3329
1279
3872
7231
1902
13512
13108
1314
297
30212
23835
8779
9530
3932
1722
16536
29116
5248
4051
2658
10327
10676
11364
7825
6301
4861
7765
4566
18095
10093
12826
4451
11114
6638
17025
6102
12930
8994
23993
10681
11919
21100
13284
1191
19471
13008
8461
5190
10595
6486
18873
7158
27080
8038
7042
15405
5939
22925
17710
5386
2678
7501
9192
5212
6057
6766
20254
9366
1900
21856
7199
8910
22972
10150
18443
3867
7
10251
1073
9212
16520
7500
8920
8402
13891
577
45631
9206
5782
7598
7179
21814
7549
1463
10536
14338
7553
23728
4476
11633
23887
12772
8654
6910
22589
523
21271
11544
7439
8094
20766
7634
7090
21846
7847
12262
8631
9380
10290
8957
21715
42099
7477
2519
4751
3998
1275
5265
21261
5893
5293
10582
13691
5075
11547
11514
10078
13048
4011
17044
11084
12499
18082
8717
9003
8401
4436
14111
3034
1485
14670
9488
6821
11561
6659
690
6125
3827
7694
2279
4576
11769
21616
27823
790
3063
21407
15173
907
14115
18213
7250
7310
7472
1513
13639
6973
16216
47838
50713
3693
7756
154
5861
8953
5752
2867
12015
763
714
8558
15430
13334
17864
12617
5870
10949
4339
6071
7795
26077
8232
6864
8712
458
16582
11080
3056
5989
8729
18464
6020
7237
11839
5790
3810
11461
3476
2034
31959
7777
7527
8853
10826
15509
3620
6504
5490
12459
2840
9236
12962
13060
11709
15846
14092
13792
21463
15692
16486
4515
5649
7145
8828
11229
5674
11797
2221
2607
305
4719
19625
11212
9936
2013
48
4821
124
14507
4606
626
2820
21317
51987
21143
1398
6572
2068
23115
15799
15154
1049
14251
3502
5284
8785
9615
12328
11827
17797
6498
5047
28471
22383
742
24610
4139
40527
1698
13309
27396
20964
11833
19638
7573
25643
10325
7261
3716
1401
16258
1586
49
8753
7033
12002
11015
15630
5440
10838
6908
7690
13050
3714
8095
1128
19727
31828
4864
2609
1391
1377
9597
1396
4342
3908
16836
18541
8018
18946
2603
25782
10715
10989
31232
9688
8578
14250
4593
8796
33828
24693
7094
4911
2052
14372
1871
3188
33854
3574
10335
13919
515
5467
37097
6977
24486
24487
3943
12651
13249
2590
631
4603
65
1921
8183
7301
19071
1713
3263
28964
14792
1533
7778
5052
17605
7526
9657
7102
7672
2386
28865
21142
15200
1557
22829
27104
7796
6556
5699
9603
40287
16848
8007
5808
3357
5874
9443
15985
14097
26034
10571
8743
12154
41008
10246
7457
25030
6333
15748
9324
8314
6462
36442
22358
12043
9625
23088
6221
5309
15738
3754
4366
18423
10306
466
25799
6076
5155
2195
5109
10553
12075
14395
13414
23674
25866
11705
6559
8597
294
10692
4522
12151
18380
11119
9157
840
7689
8503
546
11270
126
22346
6173
8931
5411
5526
13600
18618
12978
13700
739
5079
12452
5839
24609
792
6099
6856
2249
14301
3364
3439
2229
9727
1
12969
12343
14494
14633
6992
12254
2365
32289
40816
7566
9678
12353
19124
4798
8959
15676
5351
6734
17985
6189
6719
5510
3042
25103
1308
2347
12146
267
5956
10027
9177
7114
18732
21126
7413
9436
14756
3371
8617
754
524
8406
7143
2869
24716
7427
8497
4381
14866
4989
1152
20744
290
6547
13215
4019
32728
8144
1733
2566
4822
14948
1798
7604
7089
16906
1386
11881
5994
624
22280
3361
17736
7371
11363
18859
19247
9583
12718
7715
2292
9149
12003
14759
3314
9283
4128
9091
3001
12887
13220
11861
44604
22331
31779
11459
17118
9301
7606
14329
9083
6902
12030
8724
6532
23604
29387
2586
21683
735
15744
18252
3590
11106
6110
9055
41709
6820
15588
25512
3224
1831
33190
33260
8760
4354
14680
12190
2790
16960
19855
17315
32147
10509
11105
16287
16382
4492
4039
11039
14031
17679
2021
3005
20085
1689
8965
12870
15663
19302
41092
2765
10098
18964
12884
16119
9195
13765
11070
20061
647
11469
12585
7738
9556
7559
8607
5718
10368
3156
2531
1043
7211
4990
1672
7266
7409
14912
15800
16854
16994
7431
395
57766
11483
13022
33448
17762
2466
7253
13256
389
13718
14174
12396
2535
2116
606
24446
2290
18985
1342
10741
75
7359
13758
12984
6127
13310
24563
8510
8934
6112
8537
11306
8754
44182
14397
15452
9274
11580
321
16183
7027
20889
3133
4443
4634
2908
8788
16475
34707
234
18940
25947
14045
182
5909
19547
1540
8111
8936
22832
25424
33953
39864
1193
23052
1137
25107
11166
11632
4747
16797
17869
35792
18723
5604
12648
5897
3642
4976
13492
3839
8701
17328
7972
22687
629
18265
18290
6251
5947
24013
20190
19806
3254
14971
13554
6047
53627
2255
16506
21906
3643
21525
8813
1655
2646
29049
25572
7454
10975
7334
12937
4730
6314
14340
8574
4361
9594
2547
3807
12807
22506
7011
5213
11318
37714
15925
1797
12088
20143
6473
8817
3221
18774
14080
6308
20447
3593
7035
4748
8739
8926
29841
5537
9646
11739
20017
9725
12771
11591
11594
15817
6016
1862
1867
13626
8434
11990
12371
2480
9698
2717
24123
5484
2321
13997
17193
6960
7141
3143
10675
2419
1728
19395
11764
19482
15284
14096
3315
8891
28456
8128
3662
3639
223
20815
93
20168
4550
7271
2217
2275
3790
8325
20549
15265
19592
44736
1546
186
16185
25768
18281
6350
20616
5529
4500
28741
8150
23173
8935
17696
10647
4330
3233
4477
6138
3512
9257
13210
16309
25565
10863
7730
463
19402
32250
4267
3951
8487
8619
8516
662
9427
2759
6383
9927
2400
31066
2309
8511
8621
22230
9295
24226
3027
922
16858
18426
3274
9478
11139
6773
12306
11268
3756
6209
11009
6120
15231
8942
8029
3100
20398
13109
9190
11077
1415
7486
17331
5482
1676
7428
5443
9569
5486
10211
13102
14041
2674
10511
7957
22365
562
7463
13213
2875
2982
32311
19501
31747
2499
530
39538
14414
18301
33677
11520
13167
28697
17738
5751
17332
12481
2276
16861
2728
4763
7883
8837
5734
18239
14157
4581
6274
14328
8693
3069
2401
8187
2935
10056
6870
12611
1349
6713
15472
4835
14179
3395
23334
26572
8178
5548
18933
15538
13447
24799
17246
12557
947
18783
13311
8947
4943
14973
2201
9277
273
6214
60820
1615
15909
2627
15391
14164
1606
8702
16969
19765
6431
24052
8925
4817
863
24676
35854
11795
24551
12232
16424
18776
26929
10214
12589
8378
5068
13931
3681
6709
16856
5193
21999
13291
3948
9653
9337
10963
8732
6575
568
14544
9238
1947
1643
6831
13733
2960
2293
21115
3327
4683
5328
2490
114
2242
32252
3155
23135
29991
8521
8745
5123
558
8106
17112
8689
31657
1228
4484
830
4425
4692
23493
30281
7475
9396
18563
14554
4936
7322
21515
20012
49512
9308
9115
10524
2846
13072
22144
10764
14561
2278
5762
20510
25935
67
17699
2129
890
582
20013
113
20014
10101
6754
9801
14181
18109
5844
5843
18860
13699
3701
21960
2178
27948
12918
11582
3930
5582
4900
15594
13391
8186
11277
2997
12676
10627
14445
6626
4657
3683
1748
1673
10344
16386
12133
23959
22352
12624
2924
15157
4560
18188
33145
3511
18444
8996
22022
20064
21395
11655
47972
13092
11352
12475
40755
8520
1256
8675
1975
10697
19654
14318
27279
9834
2434
16194
6019
35374
1721
6942
8885
16936
7074
31121
19596
30217
3420
6032
6890
6926
12791
6024
15160
7182
10706
5737
6629
6957
13214
7661
4592
8051
13254
9273
6554
2994
1023
19910
882
1210
12276
13595
14037
25911
6389
4616
28269
3936
16744
15206
3599
12785
13257
24025
18270
20451
26546
30371
20160
10712
14233
3319
11772
15003
11926
23153
21688
22478
25553
8525
2959
14608
101
38633
5358
21351
3654
19128
2751
21430
51877
17149
20171
9327
50
17610
21443
33229
19593
9642
4367
22159
15159
17039
25251
12380
15796
14351
15390
3250
14005
3096
1380
8997
11258
9645
759
16070
17826
5784
8214
29941
1928
20466
424
4509
4920
5802
9659
7297
4520
31361
7516
15768
23532
8872
30832
7990
13051
10032
15482
21690
20409
14624
12673
23270
12042
12059
11697
6406
7059
26970
2735
11957
2447
25758
17683
6017
19946
11738
2209
4955
2296
15280
156
2378
28389
2540
9589
15854
8986
30482
5625
2520
3894
4933
22085
8870
8991
1118
1400
21116
697
7806
1603
2228
797
4495
26974
26999
10980
16211
9386
3082
4533
1451
34307
31513
2972
8235
47680
1445
17022
7983
10640
2914
19982
2458
5480
12583
15675
9949
10927
10562
4475
33564
9617
5930
6846
6716
40039
13537
2510
6220
24868
18363
15775
14730
19153
3697
3193
9972
9424
9044
15041
15934
22675
2979
3949
20147
9616
15133
6410
28318
38578
2150
21305
7241
28427
5511
8744
13161
6483
22312
8905
15005
28632
8900
8019
4854
2821
15121
12081
15117
3145
26913
10784
4887
4545
37782
10376
9723
4401
5879
5522
9202
7122
19265
8908
1747
5241
19911
11164
13801
5796
15388
9862
14652
9545
7930
21667
17159
8878
14200
11621
18164
8082
9777
1057
17131
14977
12726
1356
4671
5676
938
9041
16493
5876
9534
9842
28890
3689
20370
1791
10225
31740
31821
2546
6887
13023
13873
10264
11173
4389
20163
4852
8453
6309
7941
3580
3029
18456
22463
10543
11232
10976
7745
9383
7288
19296
9544
7774
14247
24497
9329
6305
2007
6452
3985
14838
7749
12272
17747
9816
1262
23396
9614
4759
10367
11821
11602
17062
10262
57418
16524
20956
26024
19487
11961
2760
33014
6391
11392
197
6395
4347
496
17014
23741
7700
13103
21847
21459
11548
15247
13948
928
20827
22721
40453
22932
16745
9287
10930
10964
9877
22388
16879
2518
33233
7497
10522
13292
13649
6340
74
9475
34422
4623
6065
20483
9878
600
6811
1710
6810
11356
4558
6901
6156
13074
4902
8805
9415
38010
13781
8467
10244
7107
11638
14607
5172
10821
39550
4521
14156
694
9064
425
9962
37072
32530
38948
11462
48257
12876
12560
1538
20874
2521
13304
4147
8340
10854
5229
12012
256
9825
13622
14477
11299
175
21154
4007
19922
29770
12721
11921
11355
18184
2308
15977
11401
9410
9407
9870
4903
7295
9476
2307
15306
24185
3980
6186
9793
17405
9708
20156
11486
11770
2009
6525
62
10424
12197
6412
244
13732
3210
11423
4497
11217
2014
19611
16649
2421
1551
10907
13814
20903
6622
7518
24992
1309
28220
15220
6185
10587
41572
17374
18782
2238
2675
4056
6083
11281
12017
12230
12847
14350
14806
16060
18815
22382
22632
28507
29274
31641
31667
33272
33339
34793
37340
38029
43367
46093
55524
18784
2764
33292
4619
15658
140
13357
19040
19308
1861
12929
15879
13558
10281
7243
11292
23337
56115
61824
61965
70208
8556
9866
3374
13629
14428
8663
15864
22725
17250
3829
9016
10287
16584
12925
2061
34685
21915
1159
388
9779
8653
3396
6696
33261
13816
18198
7807
4432
1654
14656
9554
2936
4654
12205
16643
37355
8443
16032
24802
17458
11750
1224
12869
34299
21389
11619
11687
13361
11491
10508
14479
16716
32950
10635
11274
9279
14140
5641
23286
34331
15752
4486
14616
9869
14163
18093
6307
8602
6557
9198
10181
13727
423
5671
10817
3950
12320
13510
9531
5847
43806
208
29783
10204
36963
19095
7797
2788
34016
9838
18998
10048
5125
18472
12922
8714
17635
14935
5986
6949
32864
23933
6464
23419
11670
45999
25401
23626
10965
21414
6466
7392
7696
2086
27236
4037
19878
15199
26845
38001
14293
9863
22906
12265
44200
1248
2105
4385
9738
31802
9524
13817
19133
15384
6332
10818
3585
20351
26167
3080
8678
41900
14795
22798
25950
725
16173
28464
14081
9266
5580
13071
15576
469
13174
18354
2331
10638
4865
12729
31438
6393
5677
14514
11942
25379
802
2382
5924
18607
14538
8168
39517
20198
8108
4574
6867
9231
9639
20371
18773
19184
28761
33397
5965
587
3006
13791
20301
3665
13367
16355
32200
728
20633
41180
5230
2561
20871
16923
9289
10523
11190
13333
50440
11954
5638
18482
14819
4860
8422
23131
34719
14675
5606
12684
11878
9857
17263
25480
9922
5273
13080
7233
11906
2772
10146
17807
3115
33913
8210
15802
12741
14436
11614
7214
6521
5891
23832
7525
1704
312
945
8660
18905
1055
6664
16150
21078
3409
23839
12616
35714
8444
13017
22995
5673
1726
681
2696
3947
32417
4629
42378
4417
219
17884
22073
20539
3833
13058
13380
264
54544
13228
8037
25913
15100
7006
12324
2695
14102
19743
21080
15645
14891
623
6068
12669
12504
21763
9101
10418
12836
15248
6850
30904
14932
15878
16169
5157
268
23743
27385
28327
14926
24944
11749
3129
16076
7336
8492
9263
16053
18116
22546
23355
23738
26557
27701
30498
30622
32787
38529
42317
62927
71515
4612
16399
15450
13360
16130
6263
10672
27277
13141
11849
25364
13594
11955
13722
6048
38657
9350
1610
8366
11003
21786
18508
6853
14577
14051
10383
29768
4588
24688
6900
5159
8692
4818
2767
940
12655
20716
13633
10931
467
1503
18022
44428
3842
2313
19434
2406
19425
6488
43795
10108
11690
12479
17218
25595
2215
5725
6924
19374
19819
10736
31914
15875
15809
3141
5541
7079
18007
8283
1307
18398
20550
17133
9763
26637
32850
46802
8141
20812
19031
28475
30734
30623
13322
9126
3392
18015
15092
2803
5857
476
3688
7656
2090
6625
7568
3504
3982
11391
26692
16726
23107
13061
7402
10107
20125
22677
29166
26352
4371
1536
42222
15345
3061
14257
9340
10505
16911
16871
11512
14952
55
3524
12274
10673
39616
15080
3859
6468
5996
47189
54777
14283
22466
22079
15803
2056
5821
15322
5019
18628
8464
365
21399
27012
18912
10002
23732
1338
17296
643
4099
1343
28886
12284
31916
27844
12933
25443
18528
3184
12561
7488
2018
7744
32203
20117
19181
10495
8582
24542
8550
17559
14420
8085
7607
3796
16559
25953
15841
31996
680
18821
13392
1526
1869
27846
8840
25593
210
15330
17049
1857
18539
583
3234
2137
5327
4181
15844
19160
16728
14801
11416
5771
10578
29956
15541
15411
21153
2248
12191
18777
1567
25901
11535
21955
3028
11444
6875
23609
10479
1591
541
40942
13556
11420
2265
17503
13640
17708
21499
49190
6328
24971
5812
32905
2757
11786
11589
25936
7849
4585
18813
12671
5633
1467
7066
26497
27131
21837
3788
38743
804
6674
685
15213
24529
17425
1515
15721
50156
23476
1583
8034
8664
7406
19759
12553
2648
28428
16206
1446
3882
11882
20380
22645
9234
10904
9032
11587
12013
5121
15919
10601
13971
23401
7286
9176
6384
21568
12413
20397
14854
4764
5007
7618
40438
4720
35263
16200
7013
4939
18590
14886
16928
5203
3559
11554
19149
1970
3007
15336
14873
31675
20424
20449
139
19757
7770
5242
22910
24621
1013
16768
8404
7367
27770
16948
38647
1582
7506
26640
3771
7817
13100
3931
6665
29052
13112
8787
15318
19280
19991
1283
10665
33391
13179
9704
1604
12090
3099
7473
7877
10634
20221
22595
47740
19769
10656
23666
788
20980
20705
32214
24561
12270
19049
22955
8347
24483
23711
5849
32022
53658
3225
22986
4400
9612
11888
11552
22142
11672
28963
41645
47181
14708
27912
8570
44608
40976
27542
27046
41589
3264
8297
21947
5460
17798
15148
4662
44714
16922
24980
28692
11747
9240
19432
5763
331
6100
8197
3656
4828
19397
53299
6636
13140
28837
25784
22278
13269
2074
18087
7124
19618
26935
30886
31602
32261
41080
42890
65474
8831
7979
10686
2615
12865
6966
31646
34897
5437
30604
43823
27084
52346
54660
1270
8494
14870
7338
12372
20057
28852
982
13617
19219
36008
36443
216
355
62490
13456
18384
15993
21473
6558
33814
27821
49020
8778
6390
1016
9339
1746
28442
1114
29101
42496
6033
15369
20339
11612
7303
7505
13385
1697
10820
32036
356
3923
10228
1844
20950
16769
22880
30201
24552
28609
16592
60002
10045
45866
6030
5976
15619
4757
37443
40506
11673
8699
2967
1680
5409
9765
47683
16951
8122
16463
19903
12106
23321
9269
8594
8472
6971
50090
2112
13423
11572
15143
42460
32014
32155
14316
18098
55398
8263
1996
3059
6453
4531
22985
11810
9464
14387
535
10241
36286
8189
14472
20297
4714
14271
5527
7872
6228
7189
14355
7685
2574
9038
40852
6907
18846
8802
4656
8719
13219
6794
5208
2811
6253
1060
4796
460
37475
37306
6196
12071
8941
13351
11360
25205
40345
21442
25393
6671
3285
31391
3174
19753
18700
33898
6366
31403
24166
8756
17653
15622
30177
14669
9389
55314
27434
11661
31334
10651
17818
27943
16445
52836
16295
27137
2910
26588
11285
6670
27503
13420
2153
5210
24715
2661
14289
12156
11657
3055
3917
8721
37327
7196
1104
6567
5750
6103
6946
8513
10749
11733
886
23362
9145
24087
9721
13224
2072
6817
21681
9600
1745
14725
6330
37444
21864
2162
5966
16921
5967
23497
7591
4622
3247
11649
12132
5074
644
21497
13336
12404
16079
16773
1012
5260
4081
13989
28273
27550
14077
9705
4660
25400
29915
7748
5450
20243
36267
15686
23485
25445
17257
11887
4715
34024
7349
12361
7942
27763
19859
32486
5583
17521
5950
3558
20774
9013
30021
5958
14768
15204
26869
5201
6105
2353
402
22943
11752
14272
11289
26341
17893
20775
1218
7611
14406
27407
10767
4034
10504
32923
563
14699
12646
13875
16394
12233
10778
35002
14319
55481
17527
13345
12735
11825
1246
6759
16312
11699
3148
40982
33909
16896
40628
16580
23490
35302
13099
21978
7361
12588
46249
12544
32010
43029
11449
20592
15580
44687
16072
20235
26036
28145
12040
1120
11924
11766
42528
8249
17523
14696
19203
49497
1742
27633
21614
6101
4535
1443
19372
67191
12249
17491
8307
23201
23984
9281
1518
7080
11714
4944
27019
3218
7200
136
10198
2655
27226
5642
6534
17858
7619
20032
54927
9246
22993
14254
19106
38989
23920
19631
2417
22527
4421
10481
6987
22679
20102
1440
4682
12846
33269
11488
21475
18490
34611
15932
14424
38857
9357
11400
60027
8804
6640
26121
14642
32781
14766
18057
7827
1222
22016
3081
1519
9349
15532
7961
26410
14875
18488
52971
8691
36698
21365
3238
6691
1223
7269
42299
4649
29091
25184
19843
15765
2605
17752
3023
6720
27095
15747
17027
3427
28072
24951
1666
11126
14205
619
17609
18673
12516
34243
18967
8309
16742
30291
34197
10253
37463
19817
32518
18720
36561
12738
15035
45816
49756
14023
12174
14151
26312
29457
6404
2565
2252
17106
52803
2407
19444
24986
28566
12152
15386
24533
26676
9783
48665
17266
38853
15695
20629
1523
2250
8358
11481
30311
15585
29266
21460
22078
4613
6852
5720
19737
49463
10986
7373
14604
13818
12223
17206
7134
6368
8417
8181
3924
21405
19123
17841
30336
17030
255
12398
18951
27820
3013
8163
33048
23398
5980
9871
9939
13127
17654
16966
4724
4485
21345
23687
8416
1907
55859
16863
6003
21773
24587
31980
51645
35474
20428
2055
3911
5598
28421
12638
23219
33113
5316
34044
14975
27232
12335
4
38305
13052
1444
8741
17239
4837
26536
21321
21775
324
26864
25320
19863
8715
5650
24952
14879
7375
3159
10485
8539
5906
9941
14291
3424
3387
17073
19557
26217
48928
25329
30950
6252
5837
4027
2799
9970
1856
22431
4426
4343
9914
27619
14976
13349
16044
31991
18232
39267
7869
65049
2638
38773
26068
31668
366
4035
1543
236
2041
4826
13421
11455
14889
49079
829
4689
22833
179
17616
14728
7935
46808
16172
31878
4889
28791
9388
8167
9963
7580
13568
13290
4338
4627
10722
27977
20742
7378
24779
9983
43758
44703
8440
16509
14625
9146
14368
6732
8342
7248
10841
2022
24953
6730
9887
19845
7262
14085
10162
6595
39143
20316
4002
18656
23659
9975
57961
12955
16767
16284
2006
17693
14114
18323
19448
17125
5458
2119
4653
29848
39709
3161
12076
8906
32991
16915
10750
23415
34290
31250
10996
22686
35147
47848
8460
6237
11316
13851
17531
24524
14662
23300
1982
11470
19518
4758
12682
1022
25365
18670
20519
15376
2023
27670
3702
3835
10061
9847
6655
20189
5056
658
6203
5317
10831
6381
18294
20945
25238
29045
30747
43764
41516
51920
21736
13422
29442
25786
12931
26507
14118
51135
10918
25281
46733
9827
35142
11326
16483
17500
32837
8125
9487
7786
97
14560
7088
10629
4960
3339
23836
4685
8777
28813
5535
5390
11568
18593
44444
5609
46123
49522
968
10588
8185
28910
8583
36841
8703
4480
8086
7654
7470
35882
2889
1756
2564
11692
22374
1182
25461
22233
18969
6865
5789
7695
25709
13265
14773
5188
8405
8258
6911
484
30118
42819
55391
16617
7401
13723
8695
11952
14591
10637
20721
25495
12307
11387
6561
17821
34557
1472
15014
30109
27781
28573
16978
724
20752
9006
21362
5257
21984
22789
1948
19214
16094
27664
1245
2142
2302
2380
2770
3391
4547
5899
5914
5932
6542
13301
28570
15428
8544
8152
20753
3354
6997
8773
57706
8552
24218
19701
9331
1154
12359
10459
16676
667
42800
24806
12206
10461
16668
10063
4298
7298
7887
8173
8919
9268
9318
9440
9541
10240
11373
11472
12135
12972
13268
13521
13993
14162
14317
14422
14892
15053
15274
15746
17326
17648
17880
18206
18345
19019
19300
19989
20590
21691
21823
21977
22066
22267
22444
23735
24545
24851
24904
25102
25147
25156
25793
26397
27107
27260
3067
18878
55209
11353
5064
28645
28820
30528
31337
31381
31430
31770
31925
32121
33106
34008
34694
34783
35574
35692
36521
37029
37716
38690
41301
42140
42340
43767
45189
46993
48144
50906
52481
53528
54754
55602
56062
56076
57398
59518
59853
60558
65427
66496
68445
8677
40319
16138
2827
23790
1090
16539
4948
5811
13616
8547
25214
3563
14034
593
10858
18256
50369
14226
5929
3223
20499
40735
78
43656
8508
22498
15072
31725
9507
36018
26361
6297
12216
749
3634
10366
18869
33838
18300
5247
16227
14399
10984
34051
13915
6400
8131
2791
10659
5
9584
13122
4144
23578
8341
555
38965
31425
2738
10359
7468
28284
7109
9892
14143
12334
17891
12779
13742
3046
33781
16591
13789
13531
11896
24863
2327
14666
1021
10118
5838
15819
9888
2474
30572
16615
348
13771
25780
24238
2862
5025
1705
5016
44163
3705
5569
10878
44449
14400
15784
6859
17361
3890
17894
33259
5017
595
2922
1301
35671
26601
22222
1157
11993
9898
17077
7605
19813
11664
3418
15251
4770
16192
5612
19279
20840
19093
13490
6710
51367
22357
7491
5468
7962
6948
2923
17379
27567
41349
4142
207
13947
10815
26100
8895
1321
23901
7204
33744
16982
15958
5204
31084
11775
16571
23651
22215
10834
49611
44521
18874
29807
21659
27173
12349
35539
37547
4696
51946
8217
34367
1299
48460
26332
12203
2983
5291
2689
26055
5911
134
12344
8257
7842
27884
54504
35660
28842
538
42416
21304
15964
8179
6874
10036
26605
532
12277
23408
13317
33355
9881
4416
10982
5276
12287
9280
16635
645
6733
6450
12130
4360
12748
10021
393
17910
407
20136
926
37090
16038
13340
11704
11680
3455
46415
11667
17782
15455
8445
21563
15146
8408
983
43548
32642
2132
35408
45822
27004
31481
26342
15850
18917
13190
12288
371
10740
21542
11257
15156
23370
33415
8425
4356
11616
13717
3084
16860
16981
17366
3481
7415
24629
52246
31577
40744
14106
12609
22255
16910
29301
28654
8126
12944
19850
23765
8874
45456
573
17261
8847
7639
4317
16549
13011
7142
26860
4355
24740
12199
9789
1124
9805
3302
8590
16059
3933
12631
26549
24421
20005
43949
15639
11408
13745
9052
4931
6783
28092
2339
2797
2958
11185
4461
44018
36641
10677
15988
15066
26471
54089
1170
3335
9855
5619
6923
12196
5354
33311
6520
4621
837
2865
23506
6531
22183
24630
51525
9803
7416
15706
16771
822
1344
10129
16859
4731
3355
14704
12340
8526
8809
15259
26237
11537
41074
18762
14657
21344
15951
5202
5272
17306
19953
20786
32548
32588
42443
44958
60309
4010
13319
15007
15208
7005
15120
21528
2269
8403
8469
9786
9964
10441
10707
12093
12375
13552
13653
14072
14374
14522
14769
16252
16294
16454
21428
23446
24471
24481
25667
25714
2114
7469
6397
28014
5636
15426
34937
17081
3761
22630
26574
27035
27512
28103
28181
31287
31470
33739
35045
38631
38749
39026
39443
39636
41270
41746
44513
44890
45892
47527
57254
58400
58508
61651
64585
8476
3653
16607
15788
9214
21602
17086
28778
32788
15371
18812
22442
17739
9128
6025
8208
16762
2927
12913
23616
9590
10607
10018
9404
29405
51331
10875
9628
48714
3549
15407
17230
4573
8596
16697
37134
11025
13283
271
11901
9405
22982
12528
11479
24594
7394
9181
7417
25674
30007
8287
21604
1963
24008
27212
5779
13720
3719
22126
20714
17008
18432
12
17276
23327
23328
29961
32834
30287
9343
22525
21530
17418
17421
5396
11305
14837
16747
17687
19736
19827
31424
48451
65547
12600
5294
35332
16735
4009
17031
34760
9155
32450
27903
8865
18317
20381
20276
47216
8983
17743
5093
221
10136
1849
26556
23028
56028
38723
9307
8620
66254
17801
7493
15126
31616
47215
9296
25080
18111
11088
4309
15226
40024
23931
1039
43404
3495
46161
6569
14022
6898
44506
6760
1220
27756
15250
14161
18215
31527
7242
16393
1290
4496
33163
34055
1514
4542
10753
19393
3181
8635
20096
2754
25650
17749
705
40130
1501
10832
36242
23890
16497
7093
4907
448
23039
43797
47352
11922
4041
10632
24795
23880
19700
14341
8479
29901
3471
13412
27666
5343
16598
16052
17986
7481
30754
11453
2390
4165
8061
4556
24917
28223
591
6463
8849
9015
2758
21509
10302
25535
34543
42449
5798
8174
7140
21964
22182
28167
4972
22202
7326
9118
10192
10701
16411
17284
24398
26246
29092
36867
37490
37733
40484
40513
40588
47019
47068
70236
4664
2506
13713
11814
23062
10892
2723
4388
12890
11515
6800
15468
9073
10133
25283
25129
14089
34576
18671
27442
24162
30587
32683
7023
42935
27675
36203
18038
10268
9788
35465
9791
33552
27121
2097
4971
13714
34019
9014
2169
9843
22608
19099
11837
21085
7012
1070
15685
30440
18562
8477
3877
20401
20099
10106
36133
16702
25803
23919
41068
37894
19194
15037
32960
8543
12115
46705
19118
3068
34421
50610
10000
1379
10283
12662
21686
11869
5501
19808
19616
15263
15368
740
22435
42118
25436
14210
17088
11484
1738
20369
26624
19531
24261
15682
30175
9811
14049
15727
17658
7520
16074
14356
21607
44906
8718
15766
12773
9130
15228
18561
248
6292
39840
8742
10519
20748
3729
24075
3106
11128
4021
10694
6826
20234
966
11875
6964
19484
18141
37983
11438
24354
3823
10104
39021
10161
11254
3619
570
29296
30675
23137
12619
3287
24254
13329
42237
10411
8793
5185
24717
10350
23767
15913
28228
8365
4599
2722
21413
15136
20337
25964
7120
12497
20407
5786
3257
12654
31327
39866
35429
16590
25560
10837
655
7737
14434
40012
5463
6123
19755
5483
23104
20481
29295
20404
10109
27144
32043
6049
9814
559
8735
30838
6506
9820
23045
19805
18937
16955
53760
23323
67637
11403
4316
2987
28073
615
9384
3888
16088
8937
11889
9571
3164
7892
2928
2834
21711
15847
32188
15335
13259
30129
16085
6940
36143
29450
16039
33956
20392
15949
905
10973
48581
2420
7980
5417
46083
69275
38062
19714
1393
2560
2630
7723
10158
14584
14663
16066
16228
17879
28082
28159
29157
29887
42944
47899
55140
9924
19090
6938
25969
16063
7384
7018
2961
1670
8792
7258
7991
20015
3211
5367
23716
9826
32400
24678
61093
29329
7127
18409
4694
30896
20572
16877
8723
4325
21163
34000
14760
20251
6369
17245
5512
28050
17970
333
4767
6035
22959
9
5418
9686
11890
21145
5936
35262
11593
11812
31758
20406
12707
11023
4321
9604
9918
13077
18174
19825
22549
27786
31531
37012
44194
63818
8355
26604
53052
33604
18870
15484
14087
536
22036
13636
8017
5120
25446
15664
11976
1103
8518
8336
2805
57667
12552
37594
10573
12878
5407
14631
18524
25590
16217
10513
20955
7020
15149
23375
26528
9864
9886
7556
8632
36905
22227
40029
56907
19542
858
5441
12433
13475
14070
14528
14835
15303
19199
24763
35194
39927
46565
60790
12696
24829
8736
12540
27108
19029
53779
37816
33679
35053
21093
37257
31122
18247
6419
24
8667
10379
17067
17816
18694
25796
26299
28541
30029
5764
6418
10769
24671
36150
21094
12554
40776
36874
36148
15202
7547
7450
5757
21306
5264
6050
9381
12322
5817
17599
30128
30643
36801
38120
42972
43707
53689
5051
13882
14498
10680
736
1572
2517
3671
7572
15269
22495
26333
32962
34863
34947
38598
39372
40837
47102
18678
1007
26780
22310
40596
13082
1332
464
7659
24274
31649
32775
4195
19512
38131
31999
32131
7426
20402
14412
8694
19900
15373
28956
28957
3539
9780
11399
