144
191
80
197
85
245
79
148
92
182
96
1233
89
93
188
95
97
244
91
271
107
184
1736
895
1754
192
440
1268
87
3669
90
84
308
304
862
1799
246
77
896
78
94
2045
1271
405
193
103
105
135
112
1850
187
2034
468
196
1292
181
165
883
242
203
102
2406
225
208
1499
186
5257
1525
2431
56
7167
477
3576
113
73
470
1833
1231
1780
1782
202
1083
137
1493
448
890
1739
478
641
2409
1087
1758
872
5564
201
71
118
1734
177
640
1282
195
2503
110
490
1770
143
1743
1128
206
1081
240
1281
261
861
237
1510
2654
214
863
892
897
75
241
247
319
498
88
1919
393
1523
213
411
185
312
1502
1285
3756
451
1247
200
1814
7188
1007
167
1498
1856
1516
909
1738
1507
463
1090
1261
238
1229
1086
501
1509
1769
3849
119
1515
480
651
647
1122
412
142
99
2554
183
1289
1777
198
3842
212
637
430
150
443
210
1735
207
903
173
471
147
1757
226
3737
145
2637
1731
3848
459
913
515
117
3755
1806
469
1240
1244
444
467
1746
1236
3808
1250
1279
1500
1775
1849
1089
500
466
1742
3902
189
639
209
652
108
4526
504
4529
2430
392
3465
104
1867
1755
924
938
441
867
2026
666
1852
2528
3459
1737
310
634
494
1504
887
4525
3896
2410
2447
505
111
1805
101
3877
474
934
1262
3585
264
1776
893
125
1987
236
2774
1275
1741
1773
445
1184
3711
1366
1748
323
1723
1906
248
205
252
1772
1274
2016
1811
884
912
190
1801
4049
3712
2412
879
325
2482
265
644
1284
109
1082
83
1527
106
170
1492
175
511
1752
251
330
204
1590
1098
296
1809
315
5562
2416
1839
3687
2515
1750
2414
456
1810
1881
1243
4495
1288
4527
509
4045
947
4553
243
82
3749
1226
3888
1572
4042
1278
116
3151
3152
949
141
2489
22355
378
166
1834
3865
1740
517
4739
673
1125
1808
1947
3834
860
1508
3566
2542
2023
1863
1727
12979
431
925
1126
8908
638
1854
1781
3773
2476
2426
678
1322
12977
306
2570
281
250
1495
1565
3994
462
8742
7501
3889
899
98
2733
2500
5281
53
453
1967
76
446
4496
4568
450
7484
10366
479
1369
81
3887
3917
1575
4762
939
2010
3875
1311
428
2149
3853
2000
5060
115
1505
2454
1768
2606
3090
926
2440
6834
176
1870
1561
8079
4974
1120
2518
322
2013
11252
4601
7173
2411
5563
7172
5280
878
1357
2448
1290
1813
2011
1864
1501
3525
3890
256
929
6832
633
14526
74
11787
2619
6348
314
1960
2559
1106
324
138
2567
1785
1259
1751
2017
350
8744
2041
1328
855
5267
2655
121
1286
5301
1339
2469
1265
4508
1254
1878
4949
1853
1533
12985
5354
520
1993
1825
2005
3759
8068
1857
2459
6863
1915
1512
253
4091
5303
3880
5357
3696
931
1944
211
1950
1935
2583
4160
1786
5435
1824
305
139
4829
4996
3477
1914
1181
4965
3481
249
2444
636
1280
2071
12125
1149
2617
625
1532
3762
4617
1017
3932
1103
3464
3726
944
2058
696
1277
1984
2085
5561
5334
9996
891
4570
2035
1951
120
4713
1340
449
22482
14217
1251
2536
3547
1883
1531
2496
1911
8629
8613
12987
3535
1869
3812
5290
1319
2443
4667
1335
4735
3926
1117
1253
3776
1606
7536
1949
3685
1868
3720
3698
5255
1316
1629
1091
3855
5565
1010
690
1299
1341
432
549
953
299
2495
7185
868
1862
2434
54
922
5342
5309
4376
5358
10143
3766
2132
2537
5330
898
885
3460
356
656
3844
134
2540
5802
1079
1843
1812
2486
2688
1511
4566
1576
452
10136
5320
689
1797
320
396
4532
3903
3901
1308
481
5043
1238
1119
2739
1848
3839
1832
3619
1875
11254
4416
1998
2538
540
3482
4315
1930
2425
2530
153
3522
2521
1264
4517
14218
5298
4501
1778
1242
8077
4498
4754
472
4821
4964
4533
4572
263
1800
2044
3374
1543
1256
149
1816
5346
403
3837
3986
5310
1562
3879
5583
5409
1129
5283
8086
5356
316
3787
935
5288
3716
12219
5834
3915
2487
1760
15626
3912
17440
2580
16683
1315
1753
2558
1123
11251
7180
2494
1530
16697
3521
2075
3470
1356
442
9380
1189
12988
3480
2165
1230
523
1830
626
1566
22573
3683
5039
4552
1747
650
338
2018
2719
2473
4511
4039
255
7483
3797
454
2452
1503
2670
3568
4625
663
2420
5313
7227
2502
1888
15115
7175
2516
5025
858
1874
5367
10368
2455
8755
2087
1305
4785
4534
1362
1321
7190
919
1317
3929
3565
5294
4963
1320
3863
1011
3882
2050
313
1725
9016
7179
2549
2003
13005
5378
6937
7171
9925
15106
940
7643
2019
9017
151
3721
1232
2408
3404
5088
901
1577
2646
114
923
3846
3372
1903
7176
5360
951
2901
15943
12078
1291
15465
1022
553
1521
1820
1807
507
329
5265
8913
2427
4545
4135
676
4005
6887
4971
8080
484
5293
3672
10479
5323
921
5006
2029
3972
2560
853
3471
1817
1522
1802
5297
2423
14220
5344
5264
1815
491
4445
3793
23573
1326
1111
693
2552
904
27275
194
715
3806
5273
657
4960
1318
1324
16704
16689
7568
3803
1892
4009
4523
11531
13035
7546
1982
1249
2667
156
11799
1524
2462
17355
1386
20407
1241
4816
5392
2130
965
583
1714
1152
1
2083
1990
1827
3496
3483
12049
9394
2027
7248
2977
3977
4830
3467
1985
1871
4626
5570
4536
1571
4520
2466
335
4389
4985
5779
5295
2720
475
2474
7235
2478
5261
5601
1544
10380
661
1766
1959
23574
8619
1904
3897
2657
1978
9304
7168
2497
3843
3089
1536
1248
1894
2046
1971
1936
5379
14202
3772
6869
2683
15108
2481
3573
531
2746
2604
1113
262
5335
10478
1996
954
27282
10593
4789
648
3947
46
5782
2407
3850
274
7488
10485
2032
2790
5781
7489
3485
7543
7563
7537
5340
16682
4826
16708
2163
1733
6899
2467
1388
4707
486
6928
7549
4748
1234
3935
882
3181
3671
22247
17539
908
2086
4650
2020
513
526
164
15100
25781
3429
2424
1569
3918
1332
17525
4509
5600
7214
7181
5647
1258
2590
381
1938
2805
7189
1872
2056
10493
3746
7238
4500
231
13573
1858
9375
3740
2439
3967
25877
4007
1195
5328
1783
7174
1392
15619
3718
2007
2092
2460
1095
10369
1348
9382
5258
3199
4047
5171
4021
1584
2458
4592
2544
5405
9597
19372
3478
2744
10499
1991
1367
2167
159
279
1765
2082
2585
4952
2612
7660
174
227
11976
331
2483
5239
414
3982
1920
9412
1144
418
12995
1269
5634
3858
12098
27465
1557
1196
17540
4499
24076
2594
4245
5648
2616
3492
4521
9400
6965
4372
3555
9421
3805
3891
1547
7486
1213
1514
5300
6842
2022
6941
4031
5440
5262
25227
25058
1583
6886
23567
959
10918
1945
5575
1556
6933
1898
5826
1534
632
5807
11543
6828
8615
3786
2776
3999
2600
3476
27417
1165
2108
1257
17362
4061
716
220
17439
22250
874
5800
100
1779
4516
12978
4812
2778
404
2676
6894
1157
3780
3175
12084
1837
4987
5005
447
3539
3136
25072
9052
12131
2148
2534
943
8658
15910
18013
15629
1877
158
9053
1513
12093
9023
5019
7565
7513
7226
5341
1104
910
29109
3979
169
2671
3676
1819
8810
5393
2052
27188
550
12122
23353
2009
5576
593
2418
4513
4589
9447
2421
4947
7228
333
22572
23505
3486
3838
2732
5299
16693
10172
10604
155
2662
223
280
233
4574
9372
1012
23326
579
2795
239
8206
5331
3305
8747
4068
4512
1981
26316
29569
4546
1338
3569
3468
2547
10801
8093
5282
2531
6458
13691
3545
26216
16703
2692
8914
10381
3705
1517
1364
2470
1013
11809
1235
11755
12056
1182
2106
5589
26457
3233
5375
3524
2365
10480
4950
8354
1151
15110
1239
2437
146
2652
27468
16003
27416
1977
1586
3489
30718
24086
2822
4989
1756
14199
668
2451
4129
7466
771
3697
27845
5001
5419
14578
1539
17438
18277
12090
13149
527
2593
642
4067
2781
352
2099
16824
2047
1921
3137
514
9419
7569
7558
3321
2880
8246
2069
3874
743
3905
302
24912
3854
1223
7694
4038
2490
2048
2067
5013
3904
6855
7538
5598
1865
1860
1793
6852
2586
7231
4052
26460
1573
426
717
20470
4550
10803
22246
23732
2121
536
5853
224
1729
2902
4173
318
123
8623
3157
8797
4973
317
11899
4573
4794
10373
1626
1145
32697
5311
15952
7201
25139
3339
16690
4226
1794
9310
10378
876
14388
473
2094
7219
5369
4020
5412
2563
3399
2524
9582
1287
26526
1762
927
24911
3976
13352
2568
26894
2438
4528
2117
660
6364
14402
1540
4114
26178
380
6905
130
4205
2772
1788
1016
9303
2461
2199
14234
14696
3251
2789
9809
5569
12171
12983
7526
3990
2835
679
27843
17526
7305
1861
8830
1952
5350
1579
859
23999
3365
2162
2446
10586
5381
4547
4766
1101
2818
11552
26038
2485
337
2205
5612
691
230
32788
548
5427
996
1976
6944
7523
5336
7499
18007
23304
29553
10402
2875
5431
2422
3479
18480
18143
9044
24087
9015
4030
3092
2517
3961
8630
2008
309
503
11752
2509
1891
154
2501
1294
19396
4673
603
12037
2714
11933
1121
875
10596
28820
29092
1999
347
2578
3771
27855
3911
4845
4678
3993
8915
7252
3953
6365
126
4375
5643
1519
14396
7234
10330
13630
14394
7639
12042
7673
2104
2456
30722
2098
1956
1913
1790
22965
32454
881
10383
11541
3678
20467
3248
10142
4122
13394
3868
1147
32782
4050
3777
17761
492
942
2429
2648
4286
25962
6254
17534
10711
5912
351
694
11614
1143
12879
18009
307
27559
8422
15103
7220
19406
6930
5397
5406
2740
6227
5370
9410
26296
13070
16848
7453
1866
9391
26522
298
2504
7346
7497
4214
5383
12071
1784
20816
10592
4564
17367
9068
26050
2433
8542
4562
4848
519
2475
3864
6864
1298
215
10371
3375
1880
7184
26575
2463
23578
2762
1161
1327
8513
1929
13031
3475
2927
4597
4043
23560
2678
2036
10820
10162
3546
28031
15969
9437
22577
14177
4902
2876
27605
14605
23101
14579
7218
24081
14581
1135
4959
9999
5593
4744
1884
5835
11268
3894
20468
2592
12993
2961
25784
4078
1745
16829
32536
32535
18008
2074
7210
2931
4953
19974
1358
17623
178
1922
4086
25311
4515
3753
20204
2037
964
1334
3998
915
7264
3198
10492
5359
2852
17964
1097
1387
3376
2669
27464
7703
5451
5347
7567
8430
19376
25074
751
9097
4530
13508
5693
2274
866
7561
232
11750
10151
13506
3845
4264
5423
2428
216
578
18603
7335
6432
1538
8795
15709
10613
4145
23751
2506
13583
17290
3751
4876
894
3618
11805
4742
4655
2704
8146
160
13577
16463
15992
10591
23310
7249
2468
4997
1114
5940
2325
26820
17881
15679
8790
2900
4966
2450
2072
495
5284
2610
1795
3689
12063
33431
11267
3933
16714
2734
5352
20695
19397
11542
15130
2735
4136
5962
25693
2628
26495
2520
10398
631
15410
9450
687
2296
10316
4962
4654
4044
6911
457
12214
7223
10651
17554
7637
27443
2693
7645
1846
27847
9024
702
1273
29863
3461
705
3913
2207
16815
26176
5572
3529
3488
28330
344
2096
2665
4867
9388
11536
12094
15728
15003
7529
342
10488
3472
4813
1100
5400
3243
6373
1520
1771
11558
5566
4535
2686
746
3907
16730
24151
2471
29570
2084
14221
4685
15500
10178
3355
14527
4981
20815
9105
2001
5263
15729
336
1798
3895
2864
7507
15397
7236
5797
19087
6175
32770
529
2331
29095
18011
5395
3851
20181
1373
2769
3914
16700
2039
7553
18021
2764
2417
13144
2897
15914
8543
4404
3310
24511
1263
5804
8741
12035
1307
152
1102
348
13906
7685
1411
3794
17365
5302
482
5333
5364
7183
23739
32464
23659
1382
12328
26175
3616
29180
2787
2527
28366
5271
20689
10866
1158
2089
15998
26451
610
5654
6907
4386
4385
1142
8110
5270
32391
27245
3792
3579
5794
621
12114
2718
3013
7351
10495
4200
5091
12129
3983
2030
2748
2031
14167
13575
9305
2510
9075
7027
14233
17356
2721
5724
3668
3984
235
217
16692
11272
22575
2980
2608
13701
419
16004
6354
1148
16716
8791
9363
1953
774
1726
30762
30761
22851
4561
8066
23023
1845
2765
10278
18020
18144
26819
1916
5070
18615
2588
11800
4318
12058
4475
3690
18882
1163
1823
11936
28822
741
6349
27382
1829
8751
32537
3462
15413
19815
9401
2513
1267
6174
11534
7527
508
14582
6459
8933
297
9054
9072
18291
9389
2906
2076
28795
26465
6870
3051
29693
29694
3577
3164
18306
3936
4672
26878
7646
14598
12991
3682
6960
12154
3670
15089
4314
3531
2726
2453
1225
31268
23723
9966
5819
5211
30019
3451
25036
5355
13297
7495
3788
5988
1560
33438
6226
3836
2441
3413
1276
10167
26289
2611
28164
1272
3230
341
755
2178
10030
5674
5436
7212
417
7330
1329
29414
28518
1185
28141
5581
5787
5275
20744
3951
2661
4497
20719
1803
30834
28580
27467
2413
17642
4420
5241
12889
15618
2523
7664
20477
26532
10177
23205
5286
956
4252
9335
1568
9037
6932
28239
2836
4765
7712
24884
5666
10630
3252
11870
12109
11525
7818
5567
20236
20486
7491
13700
2607
936
30953
5568
8208
23309
2751
15548
23563
3892
2777
4203
8935
28365
17291
7654
29234
7388
18272
3796
31238
9584
8075
3992
14187
2146
24978
13036
2543
3254
15150
3530
2040
28343
6987
18630
5996
13011
4792
15970
5287
359
2877
10489
19198
12159
3106
629
13120
25061
3704
20947
3916
10372
33545
3330
28483
10864
3493
9797
14585
10200
11273
32947
18012
708
234
1408
27171
25782
8085
26437
16729
1028
14875
1844
12061
9810
4439
26544
10007
1325
3102
30726
1124
16813
24176
28798
7591
27165
4306
4636
2895
4616
12137
31191
3010
3575
5332
9122
2796
13223
7222
521
3893
31403
5197
157
1761
8461
23822
301
856
1188
9510
10598
9108
10600
4243
2419
13068
5899
23658
33195
33200
33196
7651
31382
1347
3876
23741
3491
5103
1578
7616
4558
28834
11473
3938
260
3080
13507
24510
14577
5438
5847
7243
7186
25853
28020
27869
10565
285
11545
4531
5426
131
9824
14726
3019
29106
5037
1887
1730
2635
15471
7670
16851
9424
3964
28042
4828
6269
2055
736
17264
26828
1313
4074
4234
13376
10092
14592
6831
3538
10732
1909
2171
25741
32789
2169
4271
9995
4073
1767
1563
572
8754
958
21566
2684
26458
27851
2797
2728
4951
20437
3840
3046
8916
13188
13649
3571
7640
18705
15676
17292
2508
8756
19480
2073
29998
16503
17859
32490
33549
16459
10486
20817
3673
25524
5097
950
1300
13586
9443
5604
1227
11284
13915
19251
2979
3055
12984
3750
7018
14392
15915
2116
4085
10408
17894
6867
23392
12900
3060
15113
17648
28559
31233
4010
742
5055
4453
4008
26988
3862
26364
12165
5040
18031
29996
14176
9434
22576
5650
5582
30835
20734
6856
871
8939
3958
27337
29241
23458
1141
7649
2220
4540
11275
2156
353
7217
27842
11794
4112
2505
18481
5159
2712
8409
24168
2399
655
1695
599
7530
16187
10377
15163
920
1948
18888
15723
7293
7524
3551
13712
5353
1295
5811
10880
124
7699
7713
5947
14308
15589
30354
8647
31254
2551
25785
461
12948
12994
5399
386
8069
3728
26433
2144
27776
5162
1528
2625
4684
14529
8796
4105
28694
3140
8361
3207
15947
26592
1897
10394
20478
14879
5618
1088
4793
10367
18505
12232
14209
4354
15467
30109
28284
28287
2251
10811
24553
4036
2643
2856
161
18141
1555
2737
5795
4869
1021
14407
19868
31563
18258
8644
27916
28520
10293
7216
4819
1541
9428
11795
30489
10883
30018
10062
20672
7221
19463
31401
31405
31400
20345
31383
12305
3667
5205
25894
17963
6845
10482
17574
31187
23613
5925
24539
31188
31189
4193
28799
6962
31260
5430
24925
6414
7478
2935
2308
1529
11567
10311
311
8071
12123
7242
32500
12738
10643
2562
2943
7468
2992
18217
27124
28771
23362
957
5125
18620
4137
4596
18001
30708
9073
18233
2115
8459
8462
29322
2890
7502
20747
5913
12924
8292
2770
7811
5595
2760
22594
8627
3995
12066
16821
2286
4025
11271
25232
22186
3036
9415
23372
11802
132
30812
29183
2024
2885
837
27093
4544
6912
20677
3584
5825
17912
25359
23330
23329
4670
4901
30572
6358
6881
18234
26496
3955
33191
522
4378
5349
19458
23397
2798
29320
7803
8128
7686
15865
2128
1034
13006
20743
11419
2666
25738
9383
23930
23929
16171
7743
3255
32949
7300
7250
15462
2492
9935
20753
20822
7431
22586
10640
23931
4116
303
2830
10892
4999
7314
13046
10888
5098
8764
17547
18369
18900
2845
14664
16006
14395
3900
6385
7481
29174
1136
15532
5789
2539
20354
13082
5936
1970
1728
877
12542
221
4297
9030
18931
10276
12224
31032
2574
10179
4233
4918
4875
4651
31345
29046
7272
2152
17557
30154
24505
7738
4456
30175
8439
8442
8443
19242
2295
1841
5398
23698
18907
28721
1191
16669
5415
163
11371
1992
14263
7684
31485
5715
2191
2555
14196
29655
15146
29653
27180
3906
32465
15668
11292
1024
2545
1840
20386
20348
24841
3202
2799
15533
12143
20487
2194
26893
6184
6185
7583
9883
31560
23762
1659
25048
7273
23332
1429
13916
24538
22946
22005
5413
12073
5828
22085
32548
3973
30871
23225
2196
5458
8631
12306
3081
1791
1789
3857
20414
20493
24226
4606
8155
8096
16715
20124
11556
17840
4696
295
524
28513
31204
8133
9977
18731
10575
1190
10487
28668
28671
28670
28673
28667
10297
4178
13224
31270
28230
6967
1763
671
635
23268
12933
8076
15791
4388
2910
12316
27448
6679
31216
26750
9066
2153
3944
3126
10016
1646
973
1080
9808
291
11728
25824
5041
15996
5424
646
5368
15425
2691
28381
7033
27355
6844
7032
10656
4425
20425
15974
19969
20423
20426
1546
8793
4588
7564
13241
10616
11551
29575
6860
2598
3463
24478
9194
10379
30335
30330
12594
30334
30331
26466
26472
31255
31864
10339
23195
8381
18877
4111
9583
407
11891
13145
12352
7570
28329
24896
28328
28331
24919
23989
18033
1988
18394
28918
17313
2569
658
9464
5814
17344
30995
20708
4522
19964
22507
6885
17654
4181
760
5946
2888
20671
27497
12357
7532
5121
9390
14587
1211
28794
3037
25618
14203
11753
9158
19405
20095
620
749
11429
9618
9404
15177
4578
25724
27012
2519
16108
11565
30837
15107
15034
9445
18343
18307
18268
7500
26361
10898
32583
12554
20707
26868
3962
25588
12034
2134
12552
25786
23344
2754
7482
32453
1342
1159
33541
25544
9035
18264
4058
12211
10406
12229
31451
2209
12555
27386
27385
20770
6498
2672
27201
7355
4161
20660
28195
5884
24068
28679
12246
7005
7192
3867
20028
5632
2613
2713
4871
10160
8122
10685
14583
14409
20515
2464
32149
18168
7658
32153
9103
27865
24569
4809
15913
31330
32154
688
7303
4980
12051
16816
12092
4514
2059
3748
7270
15476
18383
6874
712
6975
1851
7573
29102
24903
8660
8661
18908
27522
11296
23665
29589
86
4786
8330
14890
10606
33300
1593
15694
18782
31067
11469
25813
8078
25330
7786
7761
3448
19654
11404
28007
11229
22496
18483
27631
33439
10846
4757
24400
6839
11796
7191
23323
20267
1220
8961
10821
32466
33040
2958
1855
10523
27274
19199
30318
14278
32102
14222
3870
14304
33190
483
23589
1330
1162
33192
16174
30706
2227
33189
11879
23390
16818
26565
10195
26564
17463
16511
1715
26563
26206
26562
6377
11885
5870
12693
267
2038
28788
8761
30400
11286
7200
28785
5649
6877
228
3526
1932
4087
15965
28652
7594
24399
346
9983
18487
26835
328
16543
14225
30134
14287
20481
30133
11765
6160
23572
13905
30684
5145
1545
1371
4555
4571
23724
2484
10397
278
2166
1309
33402
2119
7506
22329
20365
2605
4294
11260
5305
30570
17541
9402
19452
30571
6031
14184
5276
23382
19104
3732
5073
15168
17016
9154
20404
2151
8693
8651
10471
27105
7560
25052
25050
25049
7693
14593
3574
6074
1385
16956
5893
26449
7652
1014
27785
18145
6413
1749
2575
4076
4016
13471
22340
8084
17432
