271
144
191
80
197
85
245
148
79
92
96
1233
93
182
89
244
188
95
97
107
91
184
1268
1754
1736
895
94
192
3669
246
87
90
308
440
304
896
2045
1799
84
105
862
77
1271
113
78
103
135
1850
193
112
2034
119
196
118
187
405
2431
1292
214
242
181
3576
203
883
468
225
150
102
186
2406
7167
110
5257
165
201
1525
177
2503
2409
56
202
1770
195
208
71
1128
1499
237
1493
1833
206
5564
470
1780
1782
477
1083
1739
261
240
872
73
1231
205
200
641
1734
167
1758
143
1282
448
478
137
213
2654
890
2554
861
490
1743
198
1087
88
501
1510
640
125
99
241
247
212
1122
3756
185
1523
1281
3585
210
463
498
897
142
451
1856
1081
75
226
108
104
863
3849
1919
1247
7188
393
1814
2637
147
1007
412
411
1086
4525
238
1285
153
480
1502
1261
207
1769
1516
22573
1738
892
173
1090
117
909
1777
651
312
319
1507
1498
647
1229
1289
1509
1757
109
445
1515
2774
3465
2430
3842
120
176
265
209
264
3808
111
1735
116
430
443
903
183
3755
3848
236
1806
2416
3737
4529
4526
101
466
637
4527
444
500
938
145
1240
1731
2528
189
121
924
3896
106
1773
1987
5281
4739
471
1279
2496
504
2412
175
459
913
1250
1244
1775
1236
1288
2567
3459
170
1849
2410
83
392
1746
190
666
1284
1504
4049
3902
115
22355
2459
652
912
1863
2489
2515
469
2026
2447
3151
3711
4762
867
1748
4496
250
2482
252
494
1184
1867
4042
310
639
1805
14526
281
634
6832
644
467
1366
1500
3877
248
474
1262
2414
515
887
1741
1742
1906
4553
947
1089
1776
12979
517
893
1275
3152
3888
10366
243
350
949
1852
2733
3749
4045
879
1274
441
511
934
1527
1755
2016
82
899
1723
253
509
3687
3712
505
1752
1881
3865
24087
1801
2476
3090
81
149
251
323
325
431
1322
1590
7484
74
204
330
6348
23573
1772
134
1809
2440
3773
5435
6863
76
98
1947
4495
5562
166
296
462
1839
5354
15626
22482
141
456
884
1278
1572
1737
2542
6834
1106
1492
1808
2023
4949
5357
17440
151
860
1098
1243
1508
1740
1750
2500
4568
5301
11252
925
1369
1781
1810
1857
3525
256
378
1126
1561
3834
5303
7501
27275
638
1082
1311
1967
2606
446
3994
8742
23574
53
479
1328
3477
3481
3566
3887
3889
1811
1834
2570
2619
7172
1226
1727
1853
1854
2426
2444
2536
4974
7173
929
1120
1125
1265
2518
3890
3917
8079
4601
8908
1339
2655
211
1505
2559
2583
5060
678
1357
2011
3759
4498
5280
12977
23353
156
224
453
2000
3875
5267
11787
12985
306
1290
3853
4508
5561
5563
6933
159
249
315
1501
5358
305
673
1259
1495
1785
1813
2149
2537
4416
1
944
1149
1341
1878
2041
2455
2901
3619
4735
931
1864
1870
2017
2454
4091
4965
138
7248
1280
1960
2010
2411
2683
2719
4376
5255
9996
314
428
450
633
939
1017
1533
1565
2005
2448
3880
5298
5409
9017
11251
696
953
1760
1915
2540
3372
4160
5309
5320
926
1786
2443
3482
12219
25781
299
1091
1575
1998
3696
4570
5290
25877
27282
324
625
1949
1993
2469
3464
3698
3776
4829
4996
5356
12125
12987
24076
139
263
878
1181
1768
1914
2617
650
1277
1316
1824
1944
2035
3901
4667
4713
5330
7235
10136
432
1119
1251
1319
1320
2013
2071
2085
3547
3762
3912
4501
54
540
636
868
1335
1511
2486
8629
27465
356
1825
1935
1951
1984
2434
2502
3460
3521
11254
11531
255
320
491
520
885
1340
1532
2495
2739
3726
3855
4617
4754
5565
8744
1103
1123
1254
2132
3374
4532
891
3683
3720
3812
4315
4566
5334
5342
6458
7238
10143
10380
29569
322
449
1117
1308
1512
1751
1816
1911
2058
2688
3535
3986
4545
4963
5283
5288
5346
9925
239
1253
1315
1753
3879
5043
5088
10368
12122
14217
32770
164
1079
1242
1530
1930
2676
3480
3740
5802
5834
7185
7486
7536
8913
16683
20407
100
279
1238
1286
1812
2521
3766
5006
5310
7171
9380
922
1232
1299
1576
1832
1869
1883
2029
2044
2552
3089
3844
3926
8068
9597
690
1321
1531
1843
1950
2075
3882
3932
4009
4821
5583
5647
8613
30718
123
223
481
549
1503
1725
1888
2003
2462
2473
2670
5344
6869
8755
15115
231
316
454
1189
1318
1362
1629
1747
1862
2420
2538
3839
3846
4389
4534
5313
7543
13005
26894
114
227
452
656
689
1129
1264
1778
1800
2692
5297
7179
15106
16697
17355
17761
22572
28820
29109
472
626
855
898
1577
2130
2530
2580
2720
3787
3806
4039
5826
15943
27468
280
396
403
1256
1317
1817
1868
1875
2549
3915
4005
4572
4625
4785
4971
7190
8077
8080
262
274
507
663
935
1011
1356
1606
1848
1971
2165
2560
3175
3470
4517
4960
7227
11799
12078
155
553
657
1332
1543
1830
2585
3685
3929
3972
4573
4830
5039
5265
5648
8086
16704
22247
27417
743
919
940
1305
1326
1536
1562
2027
2452
2494
2646
2744
3568
3837
4552
5025
5295
5335
6937
7549
10369
13035
158
418
523
1022
1871
2050
2087
2427
2487
3721
3863
3903
4511
5258
5341
5360
5378
5600
14234
16003
17525
335
1521
2032
2466
3181
3565
4445
4985
7175
7563
8810
10593
10918
14202
220
230
233
1010
1152
1386
1714
1802
1892
2018
2019
2082
2423
2474
2478
2497
2516
5294
12098
13691
16708
19974
24086
46
130
146
313
442
676
908
951
1113
1249
1364
1522
2657
2732
3569
3797
3977
4523
4533
4536
5273
5323
5328
5367
5392
5634
5779
6887
6928
7643
10381
13573
14218
14578
17539
18013
23999
661
853
901
1388
1990
2458
2776
2790
3471
3716
3805
4135
4245
5379
5782
7168
7231
7466
7483
7546
12988
15465
16689
27443
27845
235
329
338
583
632
858
904
954
1241
1338
1524
1766
1783
1807
1815
2046
2331
2772
3772
4500
9394
15100
16682
24912
484
693
921
1111
1230
1324
1367
1544
1566
1872
1874
1920
1996
2098
2408
2424
2586
2604
2805
3803
4528
4550
5264
5293
6354
7214
7537
7568
11976
25072
27416
381
486
923
965
1104
1291
1348
1534
1733
1858
1894
2020
2086
2163
2467
2481
2544
2880
3485
3918
3999
4007
4520
4826
5311
5601
6894
6899
7180
7181
8619
10172
10493
18603
22250
27855
29553
32697
32782
648
1514
1569
1571
1903
1936
2092
2167
2558
2746
2795
3935
3967
5171
5781
9304
9412
12049
15108
17540
22851
22965
23505
26457
27559
414
1248
1556
1557
1793
1904
2106
2590
2616
2662
2781
3399
3467
3858
4372
4812
5262
5570
5912
7176
8830
9016
9375
10485
15103
15619
17362
19372
20470
22577
23567
30722
126
174
333
404
531
1095
1626
1762
1797
1820
1827
2048
2439
2568
2778
3199
3251
3522
3579
3671
3891
4592
4816
5261
6886
7226
7565
8658
10499
10803
11543
18007
26216
26526
169
194
232
331
337
882
959
1196
1234
1258
1583
1976
1981
2490
2714
3404
3492
3718
3746
3982
4031
4509
4748
4964
4989
5239
5576
6828
7189
7346
8615
8797
9097
9809
11268
13394
23304
23310
25058
26460
32788
154
178
475
550
716
874
1144
1213
1269
1584
1837
1959
1978
1982
1985
2483
2667
3524
3672
3705
3947
4789
4952
5300
5340
5350
7228
7305
8430
8513
9053
9400
10478
10604
10820
12090
12131
12995
16693
20467
20816
22246
26050
26316
27843
285
447
629
668
1165
1294
1779
1938
1991
2022
2052
2069
2148
2418
2433
2438
2460
2594
2600
2671
2977
3136
3979
4513
4521
4546
4626
5005
5019
6852
7027
7174
7201
7488
8354
9372
10373
10651
10801
12171
13149
13906
14199
14220
15629
17554
18277
23309
23326
26178
318
513
526
1161
1195
1235
1517
1520
1765
1877
2274
2504
2524
2534
2678
2818
3468
3478
3539
3618
3697
3780
4047
4068
4499
4512
5369
5375
5393
5427
5440
5800
5940
6227
6364
6941
6965
7489
7569
8093
9382
10367
10378
11267
15728
22575
24081
25227
25311
25784
27188
27605
29570
160
215
492
642
679
910
927
1182
1239
1392
1519
1539
1745
1756
1788
1898
2067
2083
2099
2365
2461
2471
2517
2835
3496
3555
3793
3838
4052
4650
4794
5359
5419
5575
6987
7219
7223
7335
7664
8747
9015
9105
9419
10586
11755
11899
14579
14581
14696
15910
16700
24911
380
514
751
1157
1540
1784
1860
1884
2437
2456
2470
3305
3339
3429
3483
3573
3616
4021
4038
4516
4947
5569
5853
6432
6855
7538
9582
10330
10383
10479
10613
11541
11809
12071
12154
12978
15992
17526
17534
18008
18009
20204
23732
23751
29863
32535
32536
307
352
579
996
1013
1223
1729
1794
1865
1945
2008
2108
2121
2178
2205
2421
2422
2428
2563
2628
2652
2734
2789
2927
3248
3476
3488
3854
3874
3894
4050
4226
4655
4848
4902
4987
5001
5431
5589
5807
6842
7220
7526
7660
7712
9421
11614
13070
15110
15952
17881
25962
28031
28141
28330
28580
29092
29693
29694
32454
216
351
527
536
593
859
964
1016
1101
1573
1586
1819
1861
1921
1952
1977
2047
2094
2162
2199
2475
2485
2593
2669
2740
3137
3233
3365
3788
3976
4114
4122
4129
4375
4547
4564
4589
4673
4707
4953
5282
5598
5797
5819
6864
7249
7351
7497
7513
7558
8206
8623
9310
9966
10480
10488
10596
12328
12879
13297
13508
16690
18143
18144
19406
20689
25074
25693
33431
152
298
347
473
746
876
943
1135
1145
1287
1334
1547
1880
2007
2076
2407
2425
2429
2501
2506
2509
2513
2648
2721
2836
2876
2902
3321
3355
3486
3777
3911
3953
3983
3990
4030
4061
4145
4173
4214
4286
4744
5013
5263
5336
5381
5397
5451
5593
5612
7507
7637
7694
8066
8422
8630
9044
9072
10316
10866
12129
13144
15709
17438
17623
18615
19087
19396
20695
22946
24151
26038
26575
27382
27464
27847
29095
29998
30761
30762
30835
157
578
631
702
1151
1913
1922
1999
2104
2446
2547
2704
2852
2961
3157
3376
3461
3479
3676
3868
3897
3993
4020
4497
4515
4766
5284
5347
5643
5835
6905
7218
7330
7561
7567
8914
9068
9363
10398
10402
10711
11536
11552
11558
12042
12061
12093
12983
14582
15729
16703
16730
16824
17367
18480
19815
20468
23739
26495
28366
28822
161
317
457
603
691
694
717
741
1121
1257
1298
1790
1956
2036
2074
2417
2451
2531
2608
2610
2612
2764
2765
2822
2875
3375
3545
3546
3771
3843
3850
3913
3961
4067
4078
4086
4205
4561
4742
4845
4867
4973
5211
5299
5405
5412
6175
6944
7478
7499
7523
7685
9024
9052
9303
9391
9447
10151
10200
11272
12056
12084
12214
13352
13506
13583
14402
15410
15413
15548
16829
16848
18630
20744
20815
23560
23563
23578
23822
24511
25139
26532
27245
29414
30019
217
417
495
519
715
755
774
881
1114
1147
1185
1579
1846
1992
2001
2009
2463
2510
2592
2635
2686
2762
2787
2877
2900
3055
3252
3310
3475
3577
3786
3905
3936
4044
4193
4264
4530
4574
4597
4813
4876
4962
4997
5040
5333
5352
5370
5666
5693
5899
5996
6365
6459
7616
7639
7645
7654
7670
8542
8935
9335
10142
10591
10592
11750
11752
11870
12037
12094
12109
12114
12993
13120
13700
13701
14177
14233
14396
14598
15969
16714
17356
18020
18031
19251
20181
23658
23659
24925
26176
26289
26522
26820
28343
29241
32537
221
301
344
348
426
482
548
771
866
1148
1158
1225
1263
1267
1327
1382
1513
1538
2030
2056
2084
2117
2325
2665
2748
2796
2895
2897
2931
3164
3198
3667
3668
3689
3876
3893
4475
4535
4562
4981
5302
5400
5406
5413
5423
5566
5962
5988
6373
7234
7236
7243
7252
7388
7553
7591
7673
7699
7703
8085
8146
8246
8461
8915
8916
9075
9122
9437
10007
10092
11534
11933
12889
13031
13630
14388
14527
15089
15130
15397
16004
16463
16716
18233
18882
19376
19402
20486
24176
25036
25782
25785
26437
26544
27337
27467
27776
29320
32102
302
303
341
529
655
687
875
915
942
1012
1102
1142
1143
1272
1273
1529
1560
1795
1803
1823
1829
1866
1953
2055
2171
2191
2194
2207
2251
2450
2551
2607
2661
2693
2751
2797
2979
2980
3019
3243
3330
3462
3493
3529
3571
3750
3753
3864
3907
3914
4318
4404
4439
5091
5332
5572
5787
5804
5947
6174
6226
6870
6911
7222
7495
7646
7818
8741
8751
8764
8790
8795
9388
9410
9510
9999
10162
10177
10371
11273
11275
11473
12058
12991
13507
13575
14187
14592
14605
15618
15676
15970
16815
17365
17547
17859
18021
18291
18306
19198
20477
20677
23023
23741
24510
25853
26465
26878
27165
27180
28164
28518
28834
29234
29996
30726
30871
30953
31191
31233
31254
32391
32947
33438
33545
291
342
353
359
708
920
936
956
1163
1307
1325
1411
1726
1728
1730
1771
1798
1845
1909
1929
2037
2096
2156
2296
2505
2520
2527
2578
2718
2726
2728
3051
3230
3451
3538
3575
3670
3792
3796
3845
3862
3892
3895
3933
4074
4116
4136
4200
4540
4544
4588
4636
4678
4685
4828
5098
5103
5270
5271
5395
5581
5654
5715
5794
5825
5847
6254
6930
7018
7182
7183
7184
7303
7453
7713
7811
8110
8409
8756
8791
9023
9073
9158
9401
9808
9810
10062
10178
10278
10486
10864
10888
11271
11525
11542
12035
12159
12900
13223
13915
14221
14394
15003
15150
15679
15998
16851
18011
18272
18888
20719
22186
22576
23101
24068
24168
25061
25232
26296
27851
28230
28483
28520
28559
28794
28795
28798
29180
30489
30708
30812
31268
31345
31400
32464
124
131
163
234
260
297
502
508
610
621
660
688
742
894
973
1100
1295
1300
1312
1373
1528
1568
1578
1646
1715
1844
2031
2072
2073
2089
2413
2453
2464
2468
2523
2543
2574
2588
2864
2885
2906
2943
3037
3092
3207
3413
3472
3530
3690
3704
3751
3794
3836
3904
3951
4010
4043
4073
4137
4203
4252
4385
4388
4420
4670
4765
4792
5241
5364
5436
5458
5567
5811
5828
5925
6349
6414
6844
6907
6960
7212
7221
7355
7640
8075
8543
9037
9054
9194
9797
9977
9995
10372
10394
10640
10883
11284
11371
11561
12137
12305
13068
13649
13712
14167
14263
14664
14726
15500
16459
16692
17291
17439
17912
18234
18620
19480
20345
20354
20437
20660
20734
20753
20822
21566
22586
23195
25524
25618
25738
26451
26592
26988
27171
28020
28284
28287
28365
29046
30018
30109
30154
30354
30837
31238
31383
31560
32490
32499
32548
32789
32949
33195
33196
33200
33549
86
267
336
386
521
599
705
712
837
877
1014
1021
1024
1124
1211
1276
1313
1408
1506
1695
1767
1840
1887
1932
1970
2116
2134
2146
2152
2209
2220
2286
2308
2484
2492
2508
2611
2625
2643
2666
2691
2712
2737
2760
2798
3046
3060
3106
3255
3312
3491
3673
3682
3728
3760
3840
3916
3964
3984
3998
4008
4105
4111
4178
4234
4243
4302
4306
4456
4514
4558
4596
4606
4624
4684
4875
4901
4959
5037
5055
5162
5286
5353
5383
5398
5399
5438
5595
5805
5884
6269
6912
6926
7186
7210
7264
7273
7300
7468
7502
7524
7527
7530
7564
7583
7649
7684
7738
7743
8096
8208
8381
8459
8462
8644
8647
8754
8796
9305
9415
9428
9434
9443
9445
9935
10016
10030
10167
10293
10495
10598
10600
10606
11545
11567
12165
12232
12246
12542
12925
13188
14176
14222
14278
14585
14587
14875
15034
15113
15471
15865
15914
16729
17292
17648
18001
18012
18141
18217
18369
18481
18704
18705
18877
18931
19104
19199
19242
19463
19868
20478
20487
20672
22005
23372
23392
23613
24400
24505
24539
24903
25741
25894
26283
27093
27842
27865
27869
28195
28239
28679
28694
28721
28771
29589
30318
30572
30834
31187
31188
31189
31270
31401
31405
31485
33191
278
295
311
328
419
524
635
736
950
958
1028
1097
1188
1190
1306
1309
1329
1347
1358
1387
1454
1541
1555
1563
1574
1789
1791
1855
1988
2119
2151
2166
2169
2227
2399
2419
2569
2598
2605
2623
2684
2713
2770
2777
2910
2992
3036
3080
3202
3417
3463
3489
3551
3678
3680
3708
3851
3955
3963
3973
4036
4085
4112
4233
4314
4425
4453
4522
4616
4654
4819
4842
4869
4918
4951
4966
5035
5073
5159
5287
5331
5493
5568
5674
5795
5946
6370
6460
6679
6856
6860
6885
7005
7032
7033
7193
7217
7242
7250
7272
7293
7314
7431
7482
7512
7532
7570
8069
8071
8095
8128
8439
8442
8443
8627
8693
8761
8926
8933
8939
8961
9154
9383
9972
10158
10179
10264
10276
10303
10304
10339
10399
10406
10482
10575
10656
10811
10880
10898
11286
11296
11469
11556
11728
11800
12066
12224
12229
12352
12476
12554
12555
12984
12994
13376
13577
13586
14196
14209
14308
14407
14529
14775
15177
15462
15532
15695
15696
15965
16014
16174
16503
16726
16821
17557
17642
17654
17840
17963
18033
18168
18268
18394
18505
18513
18907
18908
19458
19964
20124
20348
20386
20404
20515
20671
20707
20708
20747
20770
22837
23205
23225
23329
23330
23332
23397
23698
23929
23930
23931
23989
24226
24478
24553
24569
25048
25359
25813
26175
26206
26364
26458
26496
26828
26893
27124
27355
27448
27497
27522
27631
28159
29003
29096
29102
29174
29653
29655
30175
30330
30331
30334
30335
30400
30706
30995
31067
31255
31260
31451
31864
32465
32504
33439
127
229
309
407
503
534
572
620
749
760
871
957
1080
1088
1136
1141
1159
1191
1227
1296
1429
1593
1659
1761
1764
1841
1897
1954
2024
2039
2040
2051
2115
2128
2189
2295
2488
2519
2545
2555
2562
2575
2591
2613
2672
2735
2754
2769
2779
2830
2853
2856
2888
2890
3005
3010
3013
3042
3081
3100
3120
3142
3526
3584
3857
3870
3900
3938
3944
3995
4018
4024
4076
4083
4087
4115
4179
4181
4187
4378
4541
4757
4786
4793
4837
4851
4905
4980
5041
5097
5145
5199
5222
5368
5424
5429
5582
5604
5618
5798
5820
5858
5870
6127
6184
6185
6377
6385
6498
6831
6841
6857
6874
6877
6881
6890
6962
6975
7366
7506
7550
7573
7584
7594
7652
7707
7719
8076
8122
8133
8292
8361
8651
8660
8661
8680
8745
8793
8943
9108
9244
9389
9404
9424
9584
9618
9824
9983
10160
10195
10311
10397
10487
10565
10590
10630
10643
10662
10685
10732
10781
10829
10846
10870
10892
11229
11260
11292
11331
11419
11429
11792
11795
11805
11891
12051
12073
12077
12092
12123
12316
12320
12594
12924
13006
13011
13012
13043
13046
13047
13082
13092
13145
13197
13509
13905
13916
14304
14392
14589
14890
15159
15168
15394
15425
15533
15589
15668
15694
15791
16002
16108
16475
16816
17016
17264
17313
17574
17615
17699
17894
18290
18307
18383
18483
18487
18518
18731
18782
18900
19397
19405
19969
20028
20095
20236
20365
20423
20425
20426
20441
20476
20493
20817
22085
22329
22496
22594
23268
23344
23362
23572
24002
24213
24538
24878
24919
25152
25786
26361
26433
26868
27201
27339
27385
27386
27785
28040
28341
28513
28652
28667
28668
28670
28728
28918
29160
29183
29322
29843
30684
30773
31027
31032
31204
31216
31330
31382
31569
32122
33300
33318
33402
132
461
483
522
654
671
685
734
1034
1094
1162
1220
1330
1342
1385
1394
1414
1437
1518
1545
1546
1663
1774
1826
1900
1916
1948
2049
2097
2173
2441
2442
2511
2587
2813
2845
2848
2858
2958
2964
3000
3008
3098
3371
3448
3474
3574
3586
3732
3906
3957
3958
3962
4015
4016
4032
4271
4288
4454
4519
4672
4696
4699
4807
4809
4811
4841
4871
4950
4999
5070
5108
5125
5197
5205
5248
5253
5291
5349
5362
5371
5373
5390
5415
5597
5608
5632
5649
5650
5667
5721
5724
5814
5816
5882
5893
5913
5929
5965
6031
6074
6160
6358
6413
6839
6845
6862
6867
6900
6932
6936
6967
6969
7169
7191
7200
7230
7340
7480
7481
7490
7491
7541
7560
7629
7632
7658
7693
7732
7758
7759
7760
7761
7777
7786
7907
8074
8078
8084
8092
8112
8155
8330
8401
8404
8408
8674
9035
9103
