110
210
2567
88
104
71
106
265
134
205
244
2683
15626
22482
253
350
412
83
463
197
108
22355
173
445
147
191
96
3585
198
1770
93
109
115
896
74
2719
225
3669
5564
177
1268
167
99
116
2431
80
142
226
144
246
105
261
240
148
184
94
237
92
118
150
121
281
242
12122
101
308
11531
236
2637
117
113
2503
480
112
143
250
245
202
23573
255
491
188
3619
25781
203
103
1561
299
23574
212
2045
262
135
2406
17440
238
111
97
151
24076
7238
175
6348
243
98
5257
650
189
27282
1184
14526
280
3576
304
27275
1850
165
27465
3834
78
4416
185
1754
87
7486
95
249
100
466
90
119
209
141
201
56
7248
211
263
494
195
12979
644
200
1128
3740
91
899
6458
73
7167
1736
187
949
107
5344
241
8079
206
264
77
176
1119
868
192
46
7235
296
10366
501
953
170
12219
145
207
10136
1240
1271
79
85
54
1233
3465
25877
247
196
182
2409
89
895
181
248
125
3865
1998
1247
4525
9412
29109
3711
3896
5647
1106
193
9017
252
102
432
1318
2027
2034
4529
2744
1292
3568
5409
1232
2676
1734
2496
76
5634
10143
1780
149
1773
2692
214
1
651
4573
30718
7549
4949
1738
4496
5435
10380
81
2528
213
223
2416
2098
208
2414
186
3756
1833
2430
883
2568
2554
3846
1976
120
5912
1285
1863
1284
1806
5281
443
4561
1364
6832
3808
12154
2048
10369
666
3151
2774
3687
82
4963
673
509
1536
2585
3683
2444
1104
2412
934
430
7168
22573
24912
1523
1504
156
26050
9925
5826
2536
3569
220
6863
2455
5648
1516
15115
204
2482
6869
1226
310
10586
7188
17355
471
897
1510
271
1849
29569
251
84
2654
14581
1525
15103
9597
3749
75
1758
13070
641
1856
11787
8913
1949
15106
53
1777
5561
318
1493
861
1083
256
3482
32499
4245
3855
1799
1282
924
470
517
1515
1739
862
2459
1857
3848
405
1853
7543
13005
337
8354
14578
454
1808
5171
114
3459
323
5255
478
1782
1281
1316
2082
1760
939
4498
2474
4545
1091
1769
2559
2502
153
448
879
913
11976
417
1500
183
4534
1814
474
947
2552
2454
4501
325
1741
1369
1753
469
1366
2440
4526
1852
446
3902
8797
190
1213
490
4528
890
863
1231
477
17881
5358
2739
3776
1944
7346
137
224
4495
1757
1762
5802
3525
903
9996
2029
5565
16926
10801
1511
652
1508
634
1357
15100
381
1081
1533
468
2606
1126
1920
909
154
7173
6933
9471
743
1805
872
7466
32697
1288
12171
1626
2411
908
1274
2050
15943
2540
892
2617
440
1748
2447
3935
2035
1776
2489
7335
2901
8068
10804
14579
1290
1775
1731
1261
7712
8810
411
12061
4842
23505
498
4389
3372
1502
1367
2106
456
553
1087
5601
1534
1785
1878
3806
4445
7172
1743
912
1499
1590
1238
1498
2473
2476
1090
7171
1509
4145
10918
17356
1867
7305
19104
459
3805
3089
7713
1883
1755
3698
1816
1747
7664
312
12094
1735
7201
441
2410
2619
5006
2670
2433
1993
479
1264
1512
1750
8755
155
12985
26526
22216
1507
1149
6852
13507
1801
7563
2439
12098
4965
3762
965
1251
2657
11870
5583
2478
2518
7507
1752
1906
1784
2032
1544
15108
1279
7484
3712
221
22851
4500
5108
16986
1936
314
925
418
7230
3929
2648
1340
2538
3696
1521
2521
7228
4511
1113
5600
1520
4960
693
1575
647
9375
2013
636
2420
944
331
504
27417
3893
486
3842
227
4837
12114
29092
2549
159
1249
2000
3839
940
2205
2443
2516
12078
1881
2495
4996
1951
887
1809
2087
5562
30842
279
27559
12090
5867
5800
2130
20404
3492
2026
8741
1262
8908
4517
1725
1988
637
10907
1505
356
2041
893
12355
5060
1870
1892
15952
2023
1772
2560
1919
3481
1742
14234
2016
29553
3697
18233
2058
1864
274
4523
3803
8430
4830
5335
4045
2114
2818
1723
1824
7179
1839
4971
2604
5258
1714
1086
1565
3877
1786
1915
3986
1543
2086
1746
3849
4049
1788
3983
1960
3773
1733
17525
8086
1947
316
7537
23353
3175
16946
18143
8093
15548
2466
3310
1007
3994
449
335
1848
4009
1289
1501
1278
5566
7190
2515
5807
7226
1837
2486
1610
123
3566
2544
450
2438
2542
1813
4553
4876
393
657
6333
12458
3912
2537
3759
1339
2071
2534
472
1810
1305
923
5576
2500
3901
4962
1862
2497
319
5779
1531
927
481
2570
138
2467
23499
2076
1122
4762
23527
1244
17566
18433
22273
2003
1817
8080
3685
4974
7536
2483
1348
174
1834
5782
10593
1557
10488
1914
2069
648
3812
1877
1243
3199
12077
378
305
1275
4568
25360
3772
973
13168
1871
8566
231
4821
2165
625
7236
2167
5309
1807
12125
4735
1229
166
5787
1740
860
7181
451
12987
5280
4588
640
7540
4541
24087
1956
1562
6846
1386
28820
3737
1751
14233
733
19276
2132
1783
5313
7175
1299
1256
4005
5298
878
500
1495
3535
5013
3726
7185
1781
4061
17868
1811
964
1727
1756
14262
10809
27855
2428
306
23332
1539
1082
9097
3787
1838
931
4160
7227
403
3672
4086
5001
638
4039
1815
3875
1250
7501
4851
929
1583
5039
7219
3521
322
1745
6928
27631
7594
7478
6911
1253
17448
20407
27464
27382
3152
32770
2448
1768
1950
13573
139
453
6965
8405
1098
2149
1514
1277
12109
2427
1517
1236
404
3766
1334
2469
5858
8077
4513
2714
1524
29570
8916
19815
28580
2772
2574
4255
1825
1103
2434
2520
2407
898
3911
1832
444
1938
3882
4550
884
18494
2178
13906
938
1573
1577
24081
27337
4515
169
3720
17761
2274
414
164
914
16003
8764
5805
8181
23751
2530
1335
1024
30381
1569
2408
1888
2450
1869
1778
2046
2605
18487
8747
511
5262
3777
2005
12071
1079
7660
2487
2662
3209
28831
13120
16006
29589
10196
12232
27468
3716
8680
12056
3990
1571
3488
8174
5305
1858
1254
5350
7629
1125
23578
4667
27957
4425
2594
3786
9400
22221
17554
3746
7483
3142
29372
168
4129
2678
25036
235
919
14598
10820
29489
1259
29895
7584
2665
2036
27093
4122
5563
17558
926
4875
7591
3708
12394
6987
29102
8422
3751
8830
24903
3680
24086
2452
25338
15728
330
10200
10154
2805
2227
3574
233
28771
4829
891
28728
2075
11799
2661
3671
5035
4075
1729
14592
8513
2020
3892
431
1789
11576
1011
32782
12066
23219
7538
3375
727
16968
2635
4318
882
27443
3399
1846
23304
15149
7225
2510
2494
885
1843
18144
599
1935
3780
8744
8792
7561
858
15969
341
467
7497
2044
1161
1248
2733
5091
7524
5811
2506
10208
3477
7719
6354
2067
1547
4987
4592
320
216
11712
10373
4562
2671
2481
8107
1827
7526
392
3555
6834
3843
27021
2583
1800
1089
4601
3339
20343
4699
13072
2331
3728
1855
14167
2426
4042
12093
3198
27845
867
329
2365
426
2417
656
4508
1984
1388
1492
4637
3090
7513
505
904
9053
2505
635
3853
1990
29961
1765
7684
7408
9808
6864
5574
4111
24179
11296
31093
32332
6890
7355
1992
2623
1503
20470
3868
439
1606
4650
1566
2652
5342
921
23567
7495
3755
3736
1117
10803
1798
2628
10398
3526
9977
15992
22572
22965
1795
2325
5581
19969
27180
2643
230
32699
1576
4653
1527
1987
1147
7301
496
4179
2734
158
12246
27113
2148
12058
5835
15159
2033
25229
4527
1207
2691
8367
157
7223
17285
285
6732
2074
2017
3353
27165
18007
1021
14879
2848
4617
3891
9015
10368
5598
10303
2587
19087
8187
239
5303
32734
2593
4973
15624
515
4372
23310
20467
1766
32121
10367
15879
14240
14318
15903
639
19018
23999
12995
2194
1189
1152
1911
2010
18480
4572
7637
3880
2704
2746
4078
5088
5889
15931
2517
5311
29360
29582
3721
457
1123
12435
1706
9394
5328
1930
19199
5330
14278
20756
7405
20441
5333
30427
3926
1629
5341
4264
10685
2018
3967
1874
5267
1779
7643
5572
396
10604
5819
2844
130
9721
4739
15716
5073
4115
16823
1797
5586
217
1560
462
4905
9194
14580
1982
7274
6414
4067
15627
28159
5301
9407
2092
3480
9155
9157
14587
4195
4135
7710
2251
11750
23563
3579
15619
4673
3136
12332
28141
1749
18149
7568
522
482
6870
8146
10697
30508
32433
9240
12137
1522
5828
1921
17362
1981
2022
7546
14605
9380
7645
10378
11800
5884
28317
642
23128
19241
632
2667
25762
2590
11614
2166
10898
2835
735
1120
1954
6492
23375
13223
4315
8076
5025
871
520
1802
10381
1201
1182
10383
15629
8258
9068
1876
2485
4596
5816
3618
5458
10399
21495
13577
29464
507
19511
14983
7491
13691
3917
31027
5744
13144
3305
3355
2616
1894
1959
4552
4983
502
303
13063
1242
20660
2127
2732
1898
6375
16004
7282
4831
633
20339
18517
22215
859
27336
2504
25618
10330
8742
7231
1241
31569
13131
15161
2072
2600
8790
24911
2480
14696
27339
678
626
1291
28020
7176
11252
9464
3251
7222
14304
7027
12229
12254
7685
12983
14069
6416
11268
25311
11567
7512
9289
30722
12634
15465
25139
1315
31560
6364
351
3689
10482
12977
1540
1875
452
15959
1977
2100
25230
3529
7631
17533
30494
23658
26894
7482
7330
11623
22946
12224
1922
254
2610
29414
2209
2011
1991
25869
3551
26721
12035
29160
10613
1737
9421
690
6377
492
853
5618
1017
6839
25084
22141
14875
28425
199
15121
8066
13130
26985
22627
126
9317
14726
4756
18603
13062
1328
4535
9326
194
25962
10596
1790
8208
1265
4826
7183
5005
3837
7639
11542
7180
3876
8992
1572
9982
15706
8316
4812
25745
4226
11649
5606
2700
11251
2669
5089
12072
4065
29998
1320
19242
11290
4828
8206
2655
4544
428
2387
3547
15089
4626
2880
2765
4953
4570
1312
10592
1295
5199
1978
4625
6262
9016
3718
6885
26457
1211
32137
2456
11525
6432
1903
18999
7523
10656
11371
4547
4509
5294
4533
3374
1322
8658
5239
4985
4546
6855
2720
10887
5597
6926
2056
8923
1014
1530
4038
7488
3887
1793
8935
2042
20481
4857
24168
333
22609
9052
3709
3321
14192
22514
4615
4520
3863
1840
10610
4091
2513
15965
1532
4616
13045
1321
484
3668
1985
8934
22301
22837
12044
7896
146
1012
29996
2856
27086
23326
27921
27
31824
7811
658
3312
1970
7431
1730
9410
4007
20181
4499
4530
17546
317
1332
1854
3485
18008
344
2049
307
13091
3844
5804
2471
29816
17367
1111
1341
2830
8629
3249
17557
10402
18021
3975
7232
1362
19406
12879
19402
8627
1157
26988
1195
5870
2213
4200
7212
16703
4713
910
1579
11535
324
6373
1239
1280
13264
901
10406
1646
16329
15631
17553
17556
15914
2171
1872
3464
19480
3982
1267
1144
866
18009
1095
1967
10478
13506
3977
2163
1382
4571
1338
3888
6051
4845
11550
5356
31470
7565
2543
10930
12873
20891
23319
23474
4454
15457
5569
3903
3565
3953
4848
18033
6887
2423
8361
3890
380
951
4030
12981
5639
514
5261
1563
1584
17571
23518
26904
31884
2621
232
18615
5997
5995
12449
28925
30939
18613
4841
7528
950
1326
4112
3705
17444
10151
4532
5349
4606
3894
954
3895
8651
12034
12135
29146
23850
2164
1953
33680
1429
27416
5623
6841
5612
10725
27034
593
5284
16023
5286
6419
25646
4208
9419
2890
3678
4912
2688
8791
8095
1829
1774
5357
20514
27991
1861
301
2191
229
22821
15421
28785
17540
4866
4819
3858
2055
342
475
16068
583
10098
8630
10630
22829
1574
521
5265
2008
5693
5340
1022
1971
22349
14407
1158
4589
24150
32102
7373
15865
855
22220
32191
18483
12877
4044
24015
7388
124
2737
4952
29106
1996
4765
12101
5273
7300
26592
9463
14724
1260
3918
24316
2019
7351
5792
4789
6827
2140
14217
12227
4003
1096
23743
3993
25725
2578
9040
4031
7683
629
2047
234
959
8279
22575
1317
10045
27027
27012
1319
1548
15998
14187
347
278
3792
689
2608
2094
7641
13103
922
24835
17439
5222
1287
3972
9761
20668
30995
15130
17016
14999
25089
13018
13206
10400
11543
2104
1904
10403
15655
4497
3999
679
17438
2109
1308
11541
15620
4203
1235
2151
11934
3475
3468
2601
11565
3524
3467
26121
17370
25741
5354
3733
10316
14710
2586
13092
771
4040
33262
2788
3460
8677
2091
13250
11536
3670
13161
8087
620
17365
12092
17447
26460
11558
8914
3998
9391
3947
8796
5270
2199
19386
1851
7654
24569
3181
1101
4638
5402
24088
5017
2490
32339
2624
1932
935
8155
14725
523
2451
7519
8542
9401
18013
2038
4816
12048
2084
6706
6982
22124
23028
29394
6860
5310
10311
14711
9935
4734
5427
7220
30835
434
269
3376
1225
4047
3463
8933
12738
1826
6958
3461
9117
2437
875
13000
7632
5290
1663
2509
18039
11755
10372
3429
1181
5321
5378
30532
3404
2822
3788
7293
22577
11401
8360
14097
23603
7414
20354
760
1140
1506
7707
4869
5346
3530
10160
2053
8942
6844
5288
7214
313
5320
1080
1273
2563
291
18291
2592
14775
2501
7630
407
2399
22674
5882
5946
10754
2646
23370
18277
2073
17840
3479
2612
7453
25808
2429
8613
15974
5381
3137
9936
10371
10172
1794
7686
2425
20358
2936
19960
10293
2405
1901
5125
15175
315
18145
9978
17000
5282
19372
17142
2161
1307
2169
3496
14527
11933
1771
10308
660
19940
888
18141
8674
2762
5397
17977
1830
29095
5145
27841
4648
11775
18629
3987
9816
706
1964
9859
5379
178
19082
160
14528
17432
18626
3673
11899
3797
16475
23195
9995
1844
5643
9966
12079
19712
29047
24151
2524
26289
5398
15524
5451
20845
32680
8612
32536
32535
13948
32866
2809
4094
5323
28679
3889
10070
15523
9443
3044
32336
3914
20268
5343
4696
3750
32537
2464
2984
1865
28592
24505
26283
16990
4376
2547
1165
4782
11267
3854
15533
6937
8154
3476
10639
24900
27843
29292
15954
18010
8096
1812
5334
5801
3573
86
31268
2468
25894
6828
4303
5043
2007
5364
6894
16848
5880
1578
3543
9425
27869
11792
6031
6901
12786
5253
14439
5921
12005
2754
2630
10480
32432
5620
4136
1889
655
10166
4794
16870
18046
31972
8110
5297
18137
1902
3900
1999
5847
2790
2475
536
16829
2453
4536
32122
6878
17861
11625
1394
22189
30423
26433
11728
20355
9066
3955
17859
24138
23677
14264
16117
2558
32066
874
2470
4566
2527
5951
4306
4670
3537
5368
24171
10162
20477
10062
12693
5000
1529
802
7673
19518
21288
7738
1304
5627
23575
902
759
5026
876
2909
4744
4786
31144
1099
5370
4966
18272
4574
5012
540
338
13508
17435
10044
16851
2977
17172
13200
343
5932
702
3545
19974
4024
23691
7319
10781
4902
717
26055
762
5295
549
31210
15868
28259
17264
447
1013
527
3474
7646
9582
19946
5283
1269
14524
12241
7169
18956
4684
3081
24033
7743
28158
1294
7272
7303
23739
4050
8140
9495
24400
15395
1258
9056
442
12084
5359
7745
2713
3554
5291
1029
7480
3539
2588
8550
1266
5337
11254
2193
548
915
3862
152
10377
23665
4297
26620
11561
16708
25521
23309
455
508
25797
1545
3083
3417
1945
9595
5036
22496
982
1860
24068
2424
5412
2717
489
25136
22574
9037
6877
3879
3729
7573
5407
7213
4362
19420
1695
7530
3793
26575
19964
2539
6857
2184
19986
22576
7558
4992
3980
5220
3997
5331
3936
5724
4871
8615
7233
4193
8621
15698
712
7657
4980
24176
1454
2943
3968
17482
17401
10375
7567
1234
5079
19251
31102
4459
31104
27810
2153
4521
15462
29241
716
3743
309
877
2508
26899
371
1451
1452
3304
12399
12400
12434
12577
12578
13219
13220
14719
16179
16180
17446
17481
17483
18733
20089
4015
30813
3944
19396
311
9584
5392
5360
12925
3470
8659
20128
20129
20233
20234
22165
23024
27045
27263
27264
28320
28999
29000
29539
29540
29892
29893
30543
30545
31004
31006
31446
31447
3471
19376
8619
15922
19377
4754
12948
19397
1411
12049
9044
668
5299
6907
30801
31489
31490
32428
32429
33210
33211
33351
33352
33523
33525
25758
25759
30803
16700
14222
1605
131
2764
17865
11753
30739
3522
13084
10379
9810
6856
11133
5300
5442
1324
4531
16616
2591
1617
2653
8072
8380
10943
25443
27042
28913
30279
28483
161
30318
16999
1330
16044
11794
26316
3008
10499
10397
22246
30321
5332
10382
8623
6899
12924
529
12978
1286
5423
2580
4748
6837
14199
18394
5373
1224
1309
1100
23396
13068
15564
2841
30871
27400
8166
7569
10092
12190
9404
17595
12214
4522
5401
2597
19389
1329
1371
10146
22932
9372
9447
16683
15928
654
18392
10580
8167
1010
10278
1373
1148
353
2602
681
5454
4686
4989
15500
5453
8693
9154
30773
15911
1230
15913
6842
17360
550
1151
1356
328
6874
5781
23362
27663
7275
1121
1263
1227
7481
9415
715
3992
5367
13297
1185
1300
13197
2598
2492
13259
1568
6387
32454
7670
11841
12986
15915
302
8292
11879
15640
741
32465
1102
13147
16704
6905
13082
10479
3193
10493
29174
1135
1358
3840
5162
6960
8246
10370
1363
3616
30477
8109
12317
26492
3098
5471
16701
14221
9306
15668
2484
14664
4294
664
1301
3931
9589
14394
1311
9075
3932
3979
3478
15085
13352
5575
8543
18328
13149
5293
4947
29046
18672
15740
29138
27154
31206
963
29693
12984
11415
14396
1907
918
12042
1145
29694
7527
3973
10060
4800
11752
16682
17368
16670
1313
1891
29144
4004
5390
9329
33159
17591
1803
15039
15532
8799
10544
5138
2751
17824
15003
1019
9381
10523
1191
16697
8754
1361
7583
1163
4540
7234
7694
9303
696
6845
11795
332
17883
33165
9382
16622
3233
936
1141
8083
27231
3913
2961
18630
16619
483
2308
1129
3884
3921
15463
16608
4252
18653
18620
3243
2085
2422
28532
8745
4073
1392
4388
14218
5593
13316
3958
18636
24854
23246
23247
349
4013
3899
4092
2043
14220
3943
8075
894
14179
31024
8069
5277
707
23225
10321
13582
7535
534
12991
3802
3867
352
5362
6886
5019
14391
2419
14437
5424
9999
7534
1823
3915
29096
7015
3870
26216
31905
7502
3656
774
16083
24878
16953
5823
7732
5400
29099
8632
11534
3874
12988
2119
8915
4766
1016
16561
687
2162
1715
11551
20468
941
663
2077
4070
5862
10836
7564
4994
9105
13583
3419
27129
14268
29450
29459
10297
7570
9158
2141
25330
3202
15526
22357
13376
19693
5097
20475
28018
14286
7590
661
4060
4288
14251
3965
23741
16686
12164
27130
1343
14098
2146
14395
5861
23758
13015
29503
7529
8128
27492
22601
25072
4105
14263
22586
2108
24879
30400
1513
32050
29454
15522
18558
26878
23372
5589
14287
10492
2781
4238
8105
5988
6268
1761
16216
4375
2672
2789
631
14225
2986
26576
14308
22633
8641
26049
2295
4011
24884
26461
2418
7186
3838
23698
9371
25524
2907
23732
30762
30761
2557
15110
24178
24181
4752
834
4651
9524
23572
13394
32148
488
12127
1819
11545
3371
3974
32548
3493
2463
27171
6350
1298
646
17539
17963
26292
3782
11765
1767
9445
2721
5929
5965
13202
27522
3684
16002
4010
3851
17291
1196
26918
16037
5124
1518
17290
2004
23640
326
11885
12065
1252
3102
7192
10391
15119
4468
676
2462
419
30272
30273
3845
19399
3906
4456
4379
16861
8631
7675
26178
29228
7243
7777
20074
32095
5567
13383
26308
8795
18138
5636
2555
12159
26204
16689
15113
6831
12993
6365
9304
7818
9583
1884
1868
23430
20686
5813
11284
27865
3667
1726
1272
3771
3748
2705
2207
28102
7340
10588
24174
13057
4804
2472
933
16714
26820
348
27853
7792
13035
2488
3590
15146
26177
9310
5570
17526
13011
7218
23220
9424
15618
10800
18794
25813
15109
7698
1306
30998
9384
13053
10304
30996
5789
1555
7907
10591
11693
28576
8112
7018
14209
3961
528
3486
10485
29556
2052
1136
14196
3553
26479
13145
4707
1519
12392
10017
8654
17089
25573
2089
5076
7494
7679
4655
1406
18168
4021
2413
6361
8644
4555
15699
17946
16813
4654
19943
2009
16661
11977
4020
12046
5263
4314
22597
2220
16517
12160
5264
5834
14210
20416
24976
10620
2770
1257
14219
5913
7217
26084
2562
4632
15638
4001
6943
7499
6900
5271
15733
3534
12057
2150
10394
685
499
12975
9389
8100
14388
18294
5649
29320
3005
25784
27467
27210
11936
8271
9434
24925
29183
